n := 400;
B := 10841;
param : n c w:=
1	 256	 116
2	 149	 226
3	 123	 260
4	 236	 130
5	 313	 79
6	 48	 342
7	 68	 313
8	 303	 91
9	 120	 263
10	 252	 118
11	 306	 83
12	 78	 302
13	 215	 155
14	 349	 53
15	 229	 140
16	 40	 348
17	 81	 301
18	 29	 364
19	 49	 339
20	 134	 242
21	 348	 55
22	 48	 341
23	 122	 260
24	 107	 272
25	 27	 368
26	 388	 8
27	 193	 179
28	 241	 129
29	 316	 75
30	 90	 287
31	 268	 112
32	 382	 15
33	 255	 117
34	 333	 63
35	 94	 282
36	 173	 205
37	 272	 108
38	 152	 223
39	 88	 290
40	 61	 319
41	 54	 336
42	 332	 64
43	 144	 236
44	 140	 238
45	 316	 75
46	 274	 108
47	 199	 177
48	 392	 5
49	 211	 159
50	 72	 308
51	 45	 346
52	 42	 346
53	 392	 4
54	 1	 398
55	 153	 218
56	 233	 132
57	 130	 247
58	 369	 41
59	 256	 117
60	 97	 280
61	 61	 319
62	 119	 264
63	 37	 352
64	 137	 239
65	 270	 109
66	 101	 274
67	 391	 6
68	 138	 239
69	 4	 393
70	 347	 58
71	 32	 359
72	 88	 290
73	 305	 84
74	 207	 166
75	 211	 163
76	 261	 114
77	 378	 27
78	 130	 250
79	 179	 201
80	 153	 218
81	 312	 80
82	 385	 12
83	 212	 157
84	 8	 390
85	 203	 171
86	 21	 374
87	 63	 316
88	 290	 100
89	 248	 119
90	 341	 60
91	 278	 107
92	 112	 271
93	 167	 208
94	 263	 113
95	 315	 77
96	 78	 302
97	 205	 169
98	 93	 283
99	 34	 357
100	 347	 56
101	 247	 124
102	 185	 187
103	 388	 8
104	 115	 266
105	 383	 13
106	 3	 393
107	 145	 232
108	 78	 303
109	 144	 233
110	 203	 173
111	 130	 251
112	 78	 304
113	 129	 255
114	 32	 361
115	 2	 393
116	 26	 371
117	 12	 378
118	 146	 230
119	 11	 381
120	 13	 378
121	 282	 105
122	 189	 186
123	 230	 139
124	 194	 177
125	 60	 320
126	 302	 93
127	 130	 250
128	 204	 169
129	 210	 164
130	 372	 37
131	 386	 9
132	 243	 127
133	 168	 207
134	 391	 5
135	 224	 147
136	 374	 35
137	 369	 38
138	 303	 85
139	 216	 153
140	 309	 82
141	 96	 281
142	 55	 334
143	 95	 281
144	 133	 246
145	 133	 244
146	 32	 357
147	 13	 378
148	 63	 318
149	 161	 215
150	 88	 293
151	 190	 180
152	 269	 110
153	 25	 372
154	 220	 152
155	 7	 391
156	 291	 99
157	 312	 79
158	 313	 79
159	 202	 173
160	 98	 279
161	 209	 165
162	 280	 107
163	 245	 124
164	 222	 149
165	 200	 174
166	 1	 399
167	 283	 105
168	 354	 52
169	 251	 118
170	 270	 109
171	 358	 47
172	 391	 7
173	 136	 240
174	 362	 45
175	 127	 255
176	 170	 206
177	 167	 210
178	 199	 176
179	 74	 305
180	 210	 163
181	 27	 367
182	 161	 215
183	 74	 306
184	 121	 262
185	 335	 63
186	 376	 33
187	 363	 43
188	 330	 66
189	 57	 328
190	 349	 53
191	 19	 376
192	 375	 34
193	 94	 282
194	 153	 217
195	 181	 198
196	 48	 343
197	 221	 150
198	 335	 62
199	 364	 42
200	 211	 162
201	 385	 12
202	 317	 74
203	 330	 69
204	 129	 255
205	 54	 335
206	 183	 190
207	 71	 308
208	 68	 312
209	 82	 300
210	 22	 374
211	 85	 294
212	 131	 246
213	 248	 120
214	 370	 38
215	 135	 242
216	 83	 299
217	 141	 237
218	 29	 363
219	 354	 47
220	 101	 277
221	 299	 95
222	 306	 84
223	 378	 22
224	 191	 179
225	 247	 120
226	 328	 72
227	 9	 385
228	 243	 125
229	 105	 273
230	 197	 177
231	 232	 136
232	 207	 168
233	 281	 106
234	 226	 141
235	 59	 325
236	 110	 271
237	 100	 279
238	 229	 140
239	 348	 53
240	 359	 47
241	 381	 16
242	 286	 101
243	 340	 61
244	 181	 193
245	 287	 100
246	 265	 112
247	 182	 191
248	 116	 266
249	 23	 373
250	 59	 321
251	 73	 307
252	 225	 145
253	 332	 64
254	 37	 352
255	 328	 72
256	 116	 266
257	 162	 212
258	 100	 277
259	 183	 189
260	 65	 316
261	 141	 237
262	 28	 365
263	 172	 206
264	 56	 328
265	 220	 152
266	 162	 213
267	 40	 351
268	 124	 258
269	 313	 77
270	 187	 187
271	 23	 374
272	 261	 116
273	 216	 153
274	 234	 130
275	 162	 214
276	 368	 41
277	 148	 227
278	 165	 211
279	 60	 319
280	 224	 146
281	 12	 381
282	 290	 100
283	 297	 95
284	 177	 203
285	 362	 45
286	 399	 1
287	 373	 35
288	 233	 133
289	 179	 199
290	 70	 310
291	 190	 183
292	 106	 273
293	 118	 266
294	 179	 201
295	 76	 305
296	 368	 41
297	 10	 385
298	 182	 190
299	 153	 220
300	 388	 8
301	 361	 47
302	 239	 129
303	 157	 216
304	 152	 225
305	 231	 137
306	 184	 189
307	 85	 297
308	 66	 315
309	 34	 357
310	 285	 102
311	 343	 58
312	 205	 169
313	 99	 279
314	 182	 192
315	 295	 99
316	 145	 230
317	 125	 256
318	 87	 293
319	 60	 319
320	 262	 113
321	 337	 62
322	 266	 112
323	 237	 130
324	 163	 212
325	 144	 234
326	 120	 262
327	 94	 282
328	 2	 395
329	 166	 211
330	 33	 357
331	 332	 66
332	 67	 315
333	 242	 128
334	 8	 389
335	 11	 384
336	 202	 173
337	 112	 270
338	 303	 87
339	 232	 137
340	 244	 124
341	 386	 11
342	 380	 18
343	 32	 359
344	 91	 287
345	 131	 247
346	 154	 216
347	 202	 173
348	 200	 175
349	 258	 116
350	 62	 319
351	 58	 327
352	 222	 148
353	 297	 99
354	 121	 261
355	 96	 281
356	 25	 372
357	 397	 4
358	 85	 295
359	 214	 156
360	 347	 58
361	 168	 207
362	 329	 69
363	 36	 353
364	 208	 165
365	 107	 272
366	 160	 215
367	 90	 288
368	 369	 40
369	 261	 115
370	 223	 147
371	 382	 15
372	 174	 204
373	 377	 30
374	 380	 16
375	 378	 29
376	 231	 139
377	 398	 2
378	 377	 32
379	 66	 315
380	 89	 288
381	 234	 131
382	 282	 105
383	 58	 326
384	 84	 298
385	 63	 316
386	 20	 375
387	 232	 135
388	 51	 337
389	 263	 112
390	 249	 118
391	 91	 285
392	 70	 310
393	 45	 344
394	 384	 12
395	 113	 269
396	 36	 355
397	 253	 118
398	 223	 147
399	 55	 331
400	 290	 99
;
Edge List :=
 2	 6
2	 16
2	 37
2	 44
2	 51
2	 55
2	 57
2	 63
2	 70
2	 75
2	 82
2	 84
2	 91
2	 103
2	 109
2	 119
2	 127
2	 130
2	 144
2	 151
2	 212
2	 243
2	 246
2	 251
2	 252
2	 260
2	 282
2	 294
2	 306
2	 314
2	 325
2	 348
2	 350
2	 367
2	 373
2	 376
2	 382
2	 383
2	 386
2	 395
1	 34
1	 39
1	 40
1	 42
1	 43
1	 53
1	 58
1	 62
1	 67
1	 74
1	 87
1	 102
1	 147
1	 154
1	 162
1	 165
1	 166
1	 168
1	 175
1	 177
1	 200
1	 201
1	 231
1	 245
1	 248
1	 249
1	 255
1	 275
1	 276
1	 283
1	 284
1	 303
1	 315
1	 316
1	 323
1	 326
1	 342
1	 353
1	 369
1	 381
1	 398
1	 399
1	 400
3	 24
3	 33
3	 63
3	 75
3	 81
3	 91
3	 92
3	 97
3	 103
3	 120
3	 125
3	 140
3	 153
3	 155
3	 159
3	 179
3	 216
3	 217
3	 218
3	 227
3	 233
3	 236
3	 257
3	 286
3	 295
3	 307
3	 310
3	 314
3	 317
3	 321
3	 325
3	 332
3	 339
3	 341
3	 345
3	 352
3	 367
3	 372
3	 395
4	 14
4	 21
4	 71
4	 75
4	 92
4	 105
4	 125
4	 138
4	 146
4	 163
4	 166
4	 172
4	 186
4	 187
4	 202
4	 203
4	 227
4	 236
4	 243
4	 263
4	 267
4	 281
4	 285
4	 290
4	 292
4	 320
4	 329
4	 341
4	 352
4	 353
4	 360
4	 376
4	 380
4	 381
4	 388
4	 393
4	 395
5	 12
5	 13
5	 16
5	 19
5	 37
5	 60
5	 83
5	 92
5	 95
5	 107
5	 122
5	 124
5	 133
5	 140
5	 149
5	 153
5	 157
5	 158
5	 159
5	 165
5	 173
5	 180
5	 183
5	 191
5	 236
5	 250
5	 254
5	 257
5	 266
5	 267
5	 274
5	 298
5	 309
5	 331
5	 337
5	 339
5	 345
5	 352
5	 366
5	 367
5	 372
5	 378
5	 381
5	 383
5	 389
6	 14
6	 21
6	 24
6	 30
6	 32
6	 44
6	 50
6	 63
6	 75
6	 90
6	 92
6	 109
6	 113
6	 127
6	 144
6	 151
6	 156
6	 165
6	 169
6	 202
6	 206
6	 218
6	 243
6	 252
6	 257
6	 267
6	 269
6	 285
6	 310
6	 321
6	 324
6	 354
6	 357
6	 360
6	 363
6	 365
6	 372
6	 378
6	 381
6	 391
7	 52
7	 55
7	 63
7	 72
7	 86
7	 94
7	 105
7	 138
7	 140
7	 146
7	 156
7	 186
7	 187
7	 188
7	 192
7	 203
7	 219
7	 225
7	 229
7	 235
7	 237
7	 270
7	 276
7	 279
7	 306
7	 307
7	 312
7	 317
7	 329
7	 332
7	 345
7	 357
7	 377
7	 378
7	 380
7	 383
8	 10
8	 12
8	 42
8	 48
8	 59
8	 78
8	 98
8	 101
8	 110
8	 115
8	 122
8	 136
8	 149
8	 166
8	 194
8	 199
8	 205
8	 211
8	 217
8	 231
8	 242
8	 248
8	 255
8	 293
8	 301
8	 308
8	 330
8	 340
8	 342
8	 346
8	 355
8	 382
8	 390
8	 394
8	 399
9	 16
9	 27
9	 30
9	 40
9	 46
9	 68
9	 80
9	 91
9	 97
9	 99
9	 105
9	 107
9	 124
9	 137
9	 146
9	 147
9	 149
9	 155
9	 179
9	 188
9	 202
9	 204
9	 227
9	 229
9	 236
9	 257
9	 263
9	 270
9	 279
9	 294
9	 307
9	 317
9	 353
9	 354
9	 362
9	 365
9	 376
9	 385
9	 392
9	 393
10	 13
10	 23
10	 45
10	 64
10	 70
10	 80
10	 84
10	 92
10	 93
10	 94
10	 99
10	 107
10	 117
10	 121
10	 127
10	 140
10	 150
10	 169
10	 179
10	 204
10	 209
10	 218
10	 229
10	 232
10	 236
10	 237
10	 246
10	 279
10	 292
10	 295
10	 304
10	 305
10	 306
10	 307
10	 313
10	 326
10	 328
10	 344
10	 357
10	 359
10	 372
10	 392
11	 27
11	 29
11	 44
11	 45
11	 56
11	 64
11	 71
11	 86
11	 92
11	 105
11	 120
11	 121
11	 124
11	 146
11	 150
11	 151
11	 159
11	 176
11	 181
11	 218
11	 248
11	 251
11	 258
11	 266
11	 271
11	 285
11	 292
11	 295
11	 298
11	 299
11	 300
11	 321
11	 325
11	 329
11	 337
11	 340
11	 347
11	 360
11	 363
11	 365
11	 372
11	 381
11	 384
11	 385
11	 386
11	 393
12	 40
12	 49
12	 53
12	 60
12	 62
12	 81
12	 85
12	 112
12	 149
12	 162
12	 164
12	 168
12	 170
12	 182
12	 193
12	 195
12	 196
12	 207
12	 210
12	 219
12	 220
12	 239
12	 265
12	 275
12	 278
12	 284
12	 286
12	 291
12	 319
12	 346
12	 349
12	 356
12	 371
12	 379
12	 382
12	 394
12	 398
12	 400
13	 28
13	 36
13	 41
13	 42
13	 43
13	 59
13	 61
13	 66
13	 73
13	 78
13	 81
13	 109
13	 118
13	 128
13	 152
13	 164
13	 169
13	 197
13	 199
13	 209
13	 211
13	 240
13	 256
13	 262
13	 264
13	 291
13	 293
13	 330
13	 347
13	 355
13	 361
13	 362
13	 364
13	 369
13	 390
13	 397
13	 398
14	 15
14	 28
14	 34
14	 39
14	 42
14	 62
14	 74
14	 85
14	 88
14	 89
14	 94
14	 96
14	 98
14	 106
14	 112
14	 135
14	 151
14	 171
14	 195
14	 196
14	 197
14	 207
14	 209
14	 219
14	 226
14	 255
14	 265
14	 268
14	 273
14	 278
14	 287
14	 290
14	 293
14	 302
14	 308
14	 313
14	 315
14	 330
14	 342
14	 343
14	 349
14	 351
14	 355
14	 361
14	 362
14	 379
14	 398
15	 20
15	 28
15	 35
15	 40
15	 43
15	 47
15	 48
15	 53
15	 74
15	 87
15	 94
15	 96
15	 116
15	 126
15	 128
15	 135
15	 147
15	 151
15	 168
15	 170
15	 171
15	 178
15	 189
15	 209
15	 213
15	 217
15	 226
15	 228
15	 235
15	 252
15	 261
15	 268
15	 276
15	 356
15	 361
15	 362
15	 379
15	 390
15	 398
16	 17
16	 36
16	 38
16	 50
16	 54
16	 68
16	 78
16	 98
16	 100
16	 110
16	 128
16	 167
16	 171
16	 177
16	 183
16	 184
16	 205
16	 209
16	 211
16	 217
16	 220
16	 222
16	 224
16	 230
16	 264
16	 291
16	 293
16	 303
16	 318
16	 320
16	 333
16	 351
16	 355
16	 362
16	 364
16	 374
16	 394
16	 396
16	 399
17	 23
17	 29
17	 30
17	 46
17	 74
17	 93
17	 99
17	 104
17	 127
17	 143
17	 151
17	 157
17	 181
17	 186
17	 202
17	 203
17	 206
17	 216
17	 225
17	 228
17	 232
17	 233
17	 241
17	 257
17	 263
17	 267
17	 270
17	 280
17	 282
17	 295
17	 306
17	 314
17	 332
17	 345
17	 353
17	 354
17	 367
17	 377
17	 381
17	 391
17	 395
18	 22
18	 35
18	 60
18	 62
18	 66
18	 73
18	 87
18	 98
18	 103
18	 109
18	 116
18	 129
18	 147
18	 152
18	 174
18	 182
18	 190
18	 195
18	 204
18	 205
18	 213
18	 220
18	 224
18	 248
18	 256
18	 262
18	 272
18	 276
18	 277
18	 283
18	 287
18	 303
18	 308
18	 311
18	 315
18	 335
18	 368
18	 371
18	 389
18	 392
18	 397
19	 38
19	 43
19	 54
19	 59
19	 60
19	 61
19	 73
19	 76
19	 78
19	 89
19	 96
19	 112
19	 114
19	 115
19	 116
19	 117
19	 134
19	 148
19	 155
19	 162
19	 190
19	 193
19	 194
19	 199
19	 201
19	 207
19	 220
19	 221
19	 242
19	 320
19	 333
19	 340
19	 358
19	 363
19	 368
20	 32
20	 41
20	 44
20	 55
20	 56
20	 80
20	 90
20	 92
20	 93
20	 119
20	 121
20	 123
20	 125
20	 130
20	 143
20	 144
20	 153
20	 154
20	 159
20	 163
20	 172
20	 173
20	 179
20	 198
20	 208
20	 210
20	 212
20	 215
20	 236
20	 243
20	 246
20	 257
20	 263
20	 271
20	 279
20	 282
20	 285
20	 299
20	 305
20	 317
20	 341
20	 344
20	 347
20	 348
20	 354
20	 363
20	 380
20	 387
20	 393
20	 395
21	 22
21	 47
21	 66
21	 92
21	 101
21	 112
21	 134
21	 144
21	 147
21	 160
21	 176
21	 178
21	 190
21	 193
21	 207
21	 210
21	 213
21	 217
21	 221
21	 225
21	 226
21	 231
21	 234
21	 240
21	 245
21	 252
21	 261
21	 272
21	 277
21	 278
21	 283
21	 284
21	 286
21	 287
21	 290
21	 293
21	 303
21	 311
21	 315
21	 320
21	 327
21	 330
21	 351
21	 361
21	 364
21	 368
21	 374
21	 399
22	 31
22	 33
22	 37
22	 64
22	 75
22	 79
22	 86
22	 95
22	 103
22	 105
22	 113
22	 123
22	 125
22	 127
22	 130
22	 140
22	 143
22	 156
22	 165
22	 172
22	 186
22	 221
22	 237
22	 257
22	 263
22	 267
22	 271
22	 282
22	 294
22	 307
22	 309
22	 312
22	 322
22	 341
22	 343
22	 348
22	 351
22	 353
22	 357
22	 359
22	 367
22	 378
22	 381
23	 26
23	 36
23	 49
23	 65
23	 89
23	 90
23	 96
23	 116
23	 118
23	 122
23	 152
23	 164
23	 167
23	 176
23	 178
23	 184
23	 185
23	 190
23	 193
23	 194
23	 209
23	 224
23	 240
23	 242
23	 250
23	 256
23	 261
23	 277
23	 293
23	 297
23	 302
23	 327
23	 333
23	 342
23	 362
24	 35
24	 36
24	 49
24	 67
24	 73
24	 76
24	 77
24	 85
24	 87
24	 96
24	 111
24	 135
24	 141
24	 142
24	 200
24	 211
24	 221
24	 230
24	 239
24	 242
24	 249
24	 255
24	 262
24	 268
24	 273
24	 275
24	 276
24	 286
24	 287
24	 299
24	 300
24	 332
24	 346
24	 355
24	 362
24	 364
24	 369
24	 394
25	 26
25	 35
25	 40
25	 58
25	 73
25	 84
25	 96
25	 98
25	 112
25	 116
25	 118
25	 128
25	 142
25	 152
25	 154
25	 161
25	 164
25	 178
25	 190
25	 195
25	 196
25	 210
25	 211
25	 223
25	 224
25	 226
25	 229
25	 245
25	 248
25	 249
25	 262
25	 265
25	 272
25	 276
25	 278
25	 283
25	 287
25	 297
25	 303
25	 306
25	 323
25	 326
25	 333
25	 351
25	 399
25	 400
26	 31
26	 33
26	 44
26	 57
26	 68
26	 75
26	 79
26	 90
26	 91
26	 127
26	 133
26	 139
26	 140
26	 143
26	 156
26	 186
26	 195
26	 216
26	 229
26	 238
26	 257
26	 266
26	 269
26	 274
26	 292
26	 303
26	 306
26	 319
26	 331
26	 347
26	 354
26	 367
26	 370
26	 372
26	 383
26	 391
27	 34
27	 35
27	 39
27	 53
27	 96
27	 100
27	 132
27	 138
27	 148
27	 189
27	 194
27	 198
27	 199
27	 226
27	 253
27	 261
27	 268
27	 277
27	 286
27	 290
27	 301
27	 320
27	 325
27	 327
27	 330
27	 334
27	 335
27	 342
27	 355
27	 356
27	 370
27	 379
27	 399
28	 31
28	 37
28	 44
28	 46
28	 62
28	 80
28	 102
28	 121
28	 127
28	 133
28	 151
28	 185
28	 187
28	 191
28	 208
28	 233
28	 236
28	 258
28	 259
28	 291
28	 292
28	 294
28	 300
28	 309
28	 337
28	 344
28	 347
28	 377
28	 383
28	 386
29	 54
29	 67
29	 81
29	 85
29	 96
29	 106
29	 108
29	 111
29	 116
29	 126
29	 142
29	 152
29	 177
29	 234
29	 247
29	 272
29	 318
29	 323
29	 331
29	 335
29	 339
29	 352
29	 356
29	 362
29	 371
29	 375
29	 396
30	 38
30	 39
30	 48
30	 54
30	 59
30	 60
30	 96
30	 98
30	 102
30	 106
30	 109
30	 112
30	 128
30	 148
30	 171
30	 199
30	 227
30	 230
30	 238
30	 239
30	 248
30	 255
30	 279
30	 284
30	 297
30	 302
30	 318
30	 330
30	 333
30	 351
30	 356
30	 362
30	 394
31	 34
31	 35
31	 61
31	 64
31	 66
31	 74
31	 89
31	 102
31	 107
31	 141
31	 160
31	 164
31	 178
31	 194
31	 195
31	 234
31	 245
31	 261
31	 268
31	 280
31	 288
31	 290
31	 313
31	 318
31	 323
31	 333
31	 335
31	 343
31	 349
31	 356
31	 358
31	 362
31	 375
31	 385
32	 35
32	 47
32	 62
32	 77
32	 114
32	 116
32	 126
32	 129
32	 133
32	 134
32	 135
32	 136
32	 161
32	 167
32	 168
32	 171
32	 175
32	 182
32	 194
32	 210
32	 214
32	 221
32	 223
32	 231
32	 234
32	 235
32	 236
32	 247
32	 267
32	 273
32	 275
32	 277
32	 289
32	 290
32	 302
32	 315
32	 351
32	 358
32	 364
32	 390
32	 394
32	 400
33	 40
33	 43
33	 55
33	 59
33	 88
33	 129
33	 132
33	 135
33	 141
33	 160
33	 189
33	 195
33	 196
33	 199
33	 214
33	 239
33	 251
33	 252
33	 255
33	 265
33	 272
33	 280
33	 281
33	 288
33	 289
33	 290
33	 311
33	 330
33	 338
33	 346
33	 375
33	 398
34	 44
34	 52
34	 58
34	 69
34	 70
34	 123
34	 145
34	 150
34	 155
34	 162
34	 181
34	 183
34	 202
34	 215
34	 216
34	 237
34	 239
34	 250
34	 258
34	 259
34	 260
34	 271
34	 281
34	 285
34	 295
34	 325
34	 344
34	 347
34	 352
34	 360
34	 372
34	 385
34	 386
34	 392
34	 393
35	 63
35	 91
35	 123
35	 133
35	 144
35	 149
35	 157
35	 183
35	 187
35	 188
35	 193
35	 200
35	 208
35	 216
35	 241
35	 250
35	 251
35	 258
35	 260
35	 266
35	 267
35	 281
35	 282
35	 285
35	 292
35	 295
35	 296
35	 306
35	 307
35	 309
35	 314
35	 321
35	 322
35	 325
35	 339
35	 347
35	 361
35	 363
35	 380
35	 385
36	 66
36	 75
36	 83
36	 92
36	 104
36	 117
36	 138
36	 139
36	 155
36	 156
36	 157
36	 163
36	 175
36	 192
36	 225
36	 236
36	 251
36	 267
36	 274
36	 285
36	 312
36	 322
36	 332
36	 337
36	 342
36	 344
36	 345
36	 353
36	 357
36	 359
36	 366
36	 378
36	 386
36	 387
36	 391
36	 392
37	 42
37	 59
37	 66
37	 67
37	 76
37	 81
37	 87
37	 102
37	 106
37	 109
37	 118
37	 126
37	 134
37	 141
37	 154
37	 156
37	 161
37	 189
37	 190
37	 209
37	 220
37	 221
37	 222
37	 228
37	 230
37	 241
37	 242
37	 255
37	 277
37	 293
37	 313
37	 326
37	 330
37	 340
37	 343
37	 356
37	 362
37	 379
37	 391
37	 394
38	 50
38	 51
38	 55
38	 57
38	 68
38	 77
38	 82
38	 84
38	 92
38	 97
38	 99
38	 107
38	 111
38	 130
38	 140
38	 146
38	 159
38	 163
38	 188
38	 204
38	 236
38	 246
38	 255
38	 269
38	 279
38	 294
38	 295
38	 336
38	 339
38	 341
38	 354
38	 360
38	 372
39	 44
39	 64
39	 75
39	 91
39	 94
39	 99
39	 127
39	 137
39	 149
39	 158
39	 181
39	 215
39	 218
39	 229
39	 232
39	 233
39	 250
39	 263
39	 270
39	 289
39	 300
39	 310
39	 312
39	 325
39	 328
39	 331
39	 341
39	 380
39	 382
39	 383
39	 390
39	 399
40	 46
40	 70
40	 72
40	 79
40	 92
40	 103
40	 104
40	 113
40	 123
40	 127
40	 144
40	 147
40	 151
40	 153
40	 155
40	 156
40	 159
40	 172
40	 188
40	 192
40	 203
40	 206
40	 212
40	 225
40	 227
40	 237
40	 258
40	 259
40	 263
40	 267
40	 292
40	 294
40	 305
40	 307
40	 360
40	 362
40	 378
41	 42
41	 53
41	 58
41	 62
41	 87
41	 88
41	 109
41	 126
41	 129
41	 142
41	 147
41	 160
41	 162
41	 169
41	 170
41	 174
41	 219
41	 220
41	 224
41	 245
41	 252
41	 268
41	 275
41	 278
41	 280
41	 288
41	 290
41	 315
41	 318
41	 334
41	 335
41	 347
41	 349
41	 355
41	 362
41	 379
41	 394
42	 44
42	 50
42	 57
42	 71
42	 79
42	 82
42	 110
42	 120
42	 127
42	 145
42	 146
42	 159
42	 169
42	 172
42	 179
42	 181
42	 191
42	 213
42	 257
42	 266
42	 282
42	 288
42	 294
42	 314
42	 332
42	 337
42	 341
42	 377
42	 382
42	 383
42	 387
42	 388
43	 56
43	 57
43	 69
43	 72
43	 75
43	 78
43	 82
43	 84
43	 89
43	 99
43	 121
43	 127
43	 130
43	 133
43	 137
43	 145
43	 155
43	 158
43	 182
43	 187
43	 203
43	 236
43	 237
43	 257
43	 258
43	 292
43	 298
43	 309
43	 317
43	 328
43	 348
43	 365
43	 370
43	 395
44	 47
44	 49
44	 51
44	 74
44	 88
44	 108
44	 115
44	 128
44	 129
44	 136
44	 161
44	 168
44	 178
44	 182
44	 188
44	 193
44	 211
44	 213
44	 226
44	 231
44	 237
44	 245
44	 247
44	 252
44	 265
44	 283
44	 286
44	 288
44	 302
44	 303
44	 338
44	 374
44	 389
45	 53
45	 62
45	 65
45	 66
45	 67
45	 85
45	 112
45	 126
45	 131
45	 134
45	 142
45	 147
45	 154
45	 161
45	 177
45	 178
45	 182
45	 196
45	 213
45	 222
45	 228
45	 240
45	 244
45	 268
45	 274
45	 280
45	 283
45	 289
45	 290
45	 305
45	 308
45	 318
45	 326
45	 364
45	 375
45	 389
45	 390
45	 400
46	 60
46	 67
46	 81
46	 87
46	 98
46	 108
46	 109
46	 110
46	 115
46	 129
46	 142
46	 167
46	 176
46	 186
46	 189
46	 194
46	 215
46	 224
46	 235
46	 239
46	 245
46	 268
46	 277
46	 286
46	 287
46	 290
46	 311
46	 316
46	 320
46	 326
46	 335
46	 338
46	 346
46	 350
46	 371
46	 399
47	 51
47	 53
47	 59
47	 71
47	 80
47	 82
47	 83
47	 92
47	 93
47	 95
47	 119
47	 125
47	 138
47	 140
47	 144
47	 145
47	 150
47	 156
47	 173
47	 185
47	 186
47	 203
47	 206
47	 238
47	 246
47	 250
47	 331
47	 350
47	 357
47	 359
47	 360
47	 365
47	 377
47	 388
47	 394
48	 55
48	 65
48	 71
48	 75
48	 82
48	 85
48	 93
48	 99
48	 124
48	 136
48	 140
48	 153
48	 156
48	 173
48	 185
48	 186
48	 202
48	 206
48	 208
48	 216
48	 218
48	 229
48	 232
48	 237
48	 243
48	 244
48	 251
48	 257
48	 269
48	 298
48	 304
48	 306
48	 309
48	 339
48	 341
48	 353
48	 367
48	 380
48	 382
48	 387
48	 391
48	 395
49	 63
49	 94
49	 99
49	 116
49	 156
49	 169
49	 180
49	 185
49	 186
49	 187
49	 202
49	 203
49	 212
49	 218
49	 230
49	 233
49	 236
49	 251
49	 254
49	 263
49	 271
49	 283
49	 285
49	 304
49	 306
49	 310
49	 312
49	 314
49	 325
49	 341
49	 345
49	 347
49	 350
49	 354
49	 363
49	 376
49	 386
49	 388
49	 392
50	 53
50	 54
50	 58
50	 67
50	 68
50	 85
50	 88
50	 89
50	 96
50	 101
50	 129
50	 132
50	 160
50	 170
50	 175
50	 177
50	 183
50	 196
50	 199
50	 201
50	 209
50	 221
50	 223
50	 224
50	 239
50	 245
50	 248
50	 262
50	 264
50	 272
50	 288
50	 301
50	 302
50	 315
50	 323
50	 330
50	 343
50	 351
50	 355
50	 362
50	 371
50	 379
51	 59
51	 61
51	 66
51	 73
51	 77
51	 78
51	 89
51	 118
51	 128
51	 141
51	 160
51	 164
51	 170
51	 176
51	 184
51	 188
51	 201
51	 226
51	 230
51	 235
51	 237
51	 255
51	 256
51	 262
51	 265
51	 277
51	 284
51	 302
51	 338
51	 355
51	 358
51	 361
51	 399
52	 56
52	 62
52	 73
52	 76
52	 85
52	 96
52	 102
52	 111
52	 115
52	 116
52	 126
52	 148
52	 172
52	 175
52	 177
52	 210
52	 211
52	 214
52	 222
52	 223
52	 242
52	 252
52	 273
52	 286
52	 289
52	 304
52	 311
52	 316
52	 318
52	 323
52	 364
52	 375
52	 397
52	 399
53	 59
53	 71
53	 72
53	 93
53	 95
53	 97
53	 103
53	 113
53	 144
53	 155
53	 157
53	 158
53	 173
53	 181
53	 187
53	 216
53	 237
53	 244
53	 258
53	 281
53	 292
53	 324
53	 329
53	 380
53	 384
53	 391
53	 394
54	 57
54	 64
54	 68
54	 71
54	 91
54	 93
54	 95
54	 103
54	 104
54	 113
54	 120
54	 134
54	 143
54	 144
54	 156
54	 183
54	 204
54	 229
54	 243
54	 257
54	 266
54	 270
54	 294
54	 298
54	 304
54	 312
54	 322
54	 331
54	 337
54	 347
54	 353
54	 357
54	 372
54	 374
54	 376
54	 381
54	 384
54	 386
54	 387
54	 388
54	 400
55	 60
55	 65
55	 77
55	 81
55	 100
55	 101
55	 112
55	 114
55	 141
55	 152
55	 170
55	 177
55	 184
55	 205
55	 219
55	 228
55	 235
55	 242
55	 248
55	 251
55	 262
55	 264
55	 281
55	 291
55	 301
55	 323
55	 327
55	 338
55	 349
55	 351
55	 356
55	 364
55	 390
55	 394
55	 397
56	 59
56	 100
56	 142
56	 154
56	 166
56	 167
56	 171
56	 172
56	 193
56	 198
56	 207
56	 210
56	 221
56	 223
56	 230
56	 234
56	 235
56	 252
56	 273
56	 275
56	 290
56	 304
56	 308
56	 311
56	 326
56	 327
56	 333
56	 349
56	 371
56	 374
57	 58
57	 61
57	 78
57	 99
57	 112
57	 135
57	 136
57	 173
57	 189
57	 196
57	 200
57	 234
57	 255
57	 261
57	 265
57	 286
57	 330
57	 342
57	 343
57	 349
57	 351
57	 364
57	 367
57	 369
57	 390
57	 394
57	 397
58	 63
58	 70
58	 90
58	 91
58	 95
58	 119
58	 120
58	 127
58	 137
58	 138
58	 139
58	 156
58	 162
58	 173
58	 180
58	 202
58	 218
58	 229
58	 233
58	 236
58	 239
58	 243
58	 279
58	 309
58	 312
58	 336
58	 357
58	 360
58	 366
58	 380
58	 381
58	 386
58	 392
59	 70
59	 94
59	 124
59	 125
59	 133
59	 138
59	 146
59	 150
59	 173
59	 183
59	 185
59	 244
59	 246
59	 260
59	 279
59	 281
59	 300
59	 321
59	 341
59	 347
59	 382
59	 394
59	 395
60	 71
60	 95
60	 122
60	 123
60	 130
60	 156
60	 159
60	 165
60	 169
60	 172
60	 179
60	 180
60	 183
60	 187
60	 191
60	 206
60	 229
60	 251
60	 267
60	 295
60	 300
60	 331
60	 341
60	 350
60	 354
60	 359
60	 370
60	 389
60	 395
61	 70
61	 72
61	 83
61	 84
61	 105
61	 120
61	 121
61	 123
61	 137
61	 143
61	 156
61	 160
61	 161
61	 169
61	 179
61	 187
61	 191
61	 206
61	 212
61	 229
61	 238
61	 254
61	 259
61	 266
61	 267
61	 269
61	 282
61	 285
61	 307
61	 309
61	 314
61	 317
61	 321
61	 323
61	 329
61	 331
61	 352
61	 354
61	 359
61	 365
61	 373
61	 376
61	 384
61	 391
61	 393
61	 395
62	 63
62	 70
62	 93
62	 95
62	 102
62	 120
62	 169
62	 172
62	 181
62	 185
62	 215
62	 232
62	 241
62	 250
62	 258
62	 266
62	 274
62	 291
62	 295
62	 314
62	 339
62	 345
62	 382
62	 383
62	 388
62	 393
63	 78
63	 88
63	 100
63	 110
63	 111
63	 129
63	 160
63	 194
63	 195
63	 197
63	 199
63	 219
63	 220
63	 222
63	 223
63	 224
63	 231
63	 232
63	 245
63	 288
63	 289
63	 319
63	 323
63	 327
63	 328
63	 342
63	 343
63	 369
63	 378
63	 394
64	 73
64	 78
64	 85
64	 101
64	 107
64	 111
64	 128
64	 152
64	 162
64	 170
64	 178
64	 189
64	 194
64	 196
64	 209
64	 211
64	 213
64	 214
64	 219
64	 242
64	 245
64	 272
64	 276
64	 283
64	 288
64	 289
64	 290
64	 301
64	 311
64	 316
64	 349
64	 364
64	 375
64	 385
65	 80
65	 84
65	 85
65	 90
65	 92
65	 97
65	 103
65	 107
65	 121
65	 130
65	 136
65	 151
65	 153
65	 157
65	 165
65	 179
65	 188
65	 192
65	 243
65	 259
65	 269
65	 300
65	 305
65	 328
65	 337
65	 354
65	 383
65	 388
65	 392
66	 72
66	 94
66	 95
66	 99
66	 103
66	 117
66	 127
66	 137
66	 143
66	 149
66	 151
66	 159
66	 173
66	 175
66	 180
66	 183
66	 204
66	 229
66	 233
66	 260
66	 269
66	 270
66	 296
66	 299
66	 305
66	 322
66	 325
66	 342
66	 376
66	 384
66	 385
67	 82
67	 119
67	 121
67	 125
67	 144
67	 149
67	 151
67	 170
67	 172
67	 173
67	 180
67	 202
67	 237
67	 241
67	 244
67	 250
67	 260
67	 265
67	 270
67	 282
67	 284
67	 292
67	 300
67	 348
67	 363
67	 365
67	 372
67	 381
67	 384
67	 391
68	 73
68	 76
68	 78
68	 87
68	 100
68	 106
68	 116
68	 132
68	 136
68	 166
68	 168
68	 174
68	 175
68	 177
68	 183
68	 184
68	 195
68	 214
68	 234
68	 245
68	 262
68	 264
68	 278
68	 287
68	 289
68	 293
68	 315
68	 318
68	 320
68	 323
68	 326
68	 330
68	 343
68	 355
68	 364
68	 394
68	 400
69	 73
69	 74
69	 77
69	 85
69	 106
69	 141
69	 147
69	 150
69	 160
69	 161
69	 170
69	 174
69	 175
69	 194
69	 197
69	 200
69	 219
69	 222
69	 224
69	 226
69	 228
69	 234
69	 239
69	 249
69	 252
69	 255
69	 273
69	 275
69	 278
69	 287
69	 288
69	 289
69	 298
69	 312
69	 355
69	 369
69	 375
69	 394
70	 74
70	 100
70	 131
70	 137
70	 142
70	 162
70	 190
70	 194
70	 201
70	 207
70	 209
70	 213
70	 217
70	 221
70	 234
70	 249
70	 270
70	 273
70	 283
70	 286
70	 322
70	 338
70	 340
70	 349
70	 364
70	 397
70	 398
71	 81
71	 85
71	 98
71	 131
71	 132
71	 147
71	 159
71	 161
71	 162
71	 171
71	 174
71	 196
71	 198
71	 205
71	 209
71	 228
71	 234
71	 245
71	 248
71	 252
71	 254
71	 268
71	 275
71	 288
71	 315
71	 320
71	 334
71	 364
71	 375
71	 388
72	 77
72	 81
72	 96
72	 115
72	 118
72	 130
72	 136
72	 139
72	 154
72	 160
72	 168
72	 174
72	 224
72	 231
72	 262
72	 273
72	 286
72	 288
72	 289
72	 290
72	 293
72	 302
72	 321
72	 323
72	 368
72	 375
72	 398
72	 400
73	 75
73	 91
73	 112
73	 117
73	 124
73	 127
73	 130
73	 156
73	 157
73	 186
73	 187
73	 192
73	 203
73	 204
73	 214
73	 229
73	 254
73	 258
73	 259
73	 263
73	 271
73	 293
73	 317
73	 344
73	 348
73	 354
73	 377
73	 378
73	 385
73	 391
74	 84
74	 95
74	 105
74	 125
74	 144
74	 145
74	 155
74	 163
74	 165
74	 192
74	 212
74	 216
74	 218
74	 227
74	 228
74	 237
74	 238
74	 244
74	 251
74	 279
74	 280
74	 285
74	 295
74	 298
74	 299
74	 321
74	 325
74	 339
74	 348
74	 350
74	 352
74	 365
74	 370
74	 373
74	 382
74	 384
74	 388
75	 77
75	 78
75	 88
75	 93
75	 102
75	 115
75	 141
75	 145
75	 168
75	 174
75	 213
75	 217
75	 228
75	 239
75	 253
75	 313
75	 327
75	 330
75	 335
75	 346
75	 355
75	 364
75	 369
75	 393
75	 399
76	 80
76	 83
76	 97
76	 119
76	 120
76	 124
76	 137
76	 139
76	 140
76	 151
76	 169
76	 181
76	 215
76	 216
76	 218
76	 237
76	 245
76	 246
76	 250
76	 257
76	 258
76	 259
76	 274
76	 285
76	 298
76	 301
76	 308
76	 357
76	 360
76	 370
76	 377
76	 381
76	 382
77	 80
77	 92
77	 95
77	 107
77	 111
77	 113
77	 127
77	 133
77	 144
77	 146
77	 153
77	 157
77	 173
77	 186
77	 203
77	 212
77	 218
77	 246
77	 250
77	 251
77	 255
77	 263
77	 269
77	 282
77	 295
77	 296
77	 341
77	 353
77	 357
77	 363
77	 365
77	 366
77	 367
77	 386
78	 84
78	 89
78	 95
78	 107
78	 113
78	 120
78	 125
78	 127
78	 145
78	 153
78	 163
78	 182
78	 212
78	 225
78	 243
78	 246
78	 257
78	 259
78	 267
78	 271
78	 279
78	 281
78	 299
78	 331
78	 332
78	 336
78	 366
78	 381
78	 388
78	 391
79	 102
79	 112
79	 135
79	 136
79	 147
79	 177
79	 192
79	 194
79	 196
79	 200
79	 205
79	 210
79	 219
79	 228
79	 247
79	 249
79	 253
79	 257
79	 264
79	 273
79	 276
79	 287
79	 291
79	 293
79	 313
79	 315
79	 318
79	 337
79	 340
79	 349
79	 351
79	 389
79	 399
79	 400
80	 89
80	 126
80	 136
80	 141
80	 148
80	 152
80	 171
80	 177
80	 208
80	 211
80	 222
80	 240
80	 262
80	 264
80	 291
80	 296
80	 301
80	 303
80	 320
80	 327
80	 335
80	 338
80	 362
80	 373
80	 390
80	 396
80	 398
81	 83
81	 91
81	 105
81	 107
81	 113
81	 121
81	 140
81	 150
81	 165
81	 172
81	 185
81	 202
81	 212
81	 217
81	 225
81	 233
81	 236
81	 237
81	 250
81	 257
81	 267
81	 279
81	 282
81	 286
81	 295
81	 305
81	 328
81	 332
81	 337
81	 344
81	 353
81	 357
81	 367
81	 382
81	 384
81	 391
82	 96
82	 112
82	 132
82	 152
82	 166
82	 175
82	 213
82	 219
82	 239
82	 249
82	 252
82	 268
82	 269
82	 271
82	 275
82	 291
82	 303
82	 315
82	 324
82	 327
82	 333
82	 342
82	 343
82	 349
82	 351
82	 362
82	 379
82	 400
83	 91
83	 95
83	 96
83	 100
83	 148
83	 152
83	 160
83	 164
83	 177
83	 184
83	 197
83	 200
83	 207
83	 213
83	 217
83	 224
83	 239
83	 261
83	 262
83	 301
83	 307
83	 308
83	 313
83	 316
83	 340
83	 361
83	 368
83	 369
83	 394
84	 88
84	 101
84	 102
84	 109
84	 118
84	 134
84	 147
84	 174
84	 176
84	 182
84	 194
84	 198
84	 199
84	 229
84	 230
84	 234
84	 235
84	 248
84	 261
84	 276
84	 283
84	 306
84	 311
84	 316
84	 338
84	 346
84	 355
84	 369
84	 400
85	 92
85	 95
85	 104
85	 119
85	 124
85	 136
85	 144
85	 150
85	 157
85	 163
85	 165
85	 173
85	 181
85	 188
85	 192
85	 237
85	 250
85	 263
85	 270
85	 279
85	 282
85	 328
85	 329
85	 337
85	 366
85	 373
85	 382
85	 385
86	 98
86	 100
86	 101
86	 106
86	 108
86	 111
86	 115
86	 116
86	 135
86	 168
86	 176
86	 184
86	 196
86	 209
86	 219
86	 224
86	 228
86	 231
86	 235
86	 249
86	 278
86	 280
86	 286
86	 291
86	 301
86	 303
86	 308
86	 318
86	 330
86	 334
86	 338
86	 341
86	 346
86	 356
86	 366
86	 368
86	 384
86	 397
87	 95
87	 97
87	 99
87	 113
87	 155
87	 169
87	 185
87	 211
87	 212
87	 215
87	 241
87	 244
87	 250
87	 259
87	 270
87	 281
87	 285
87	 299
87	 300
87	 309
87	 314
87	 316
87	 322
87	 338
87	 352
87	 370
87	 382
87	 391
87	 392
88	 97
88	 114
88	 123
88	 138
88	 140
88	 143
88	 146
88	 173
88	 185
88	 202
88	 203
88	 226
88	 243
88	 246
88	 250
88	 251
88	 258
88	 263
88	 266
88	 269
88	 275
88	 285
88	 357
88	 360
88	 366
88	 378
89	 94
89	 121
89	 133
89	 138
89	 182
89	 186
89	 212
89	 243
89	 254
89	 257
89	 292
89	 298
89	 304
89	 306
89	 317
89	 322
89	 324
89	 336
89	 344
89	 347
89	 357
89	 360
89	 366
89	 367
89	 378
89	 384
89	 388
89	 391
90	 112
90	 135
90	 136
90	 167
90	 171
90	 185
90	 189
90	 197
90	 198
90	 205
90	 207
90	 211
90	 213
90	 220
90	 231
90	 234
90	 239
90	 250
90	 252
90	 289
90	 297
90	 333
90	 342
90	 351
90	 371
91	 95
91	 96
91	 116
91	 131
91	 134
91	 135
91	 141
91	 162
91	 164
91	 177
91	 189
91	 193
91	 198
91	 201
91	 222
91	 223
91	 230
91	 262
91	 280
91	 288
91	 289
91	 307
91	 311
91	 330
91	 335
91	 342
91	 343
91	 355
91	 364
91	 371
92	 102
92	 110
92	 114
92	 116
92	 126
92	 134
92	 135
92	 136
92	 144
92	 152
92	 175
92	 176
92	 178
92	 184
92	 196
92	 197
92	 207
92	 211
92	 213
92	 223
92	 225
92	 252
92	 255
92	 264
92	 268
92	 273
92	 276
92	 277
92	 278
92	 293
92	 303
92	 316
92	 318
92	 351
92	 397
93	 98
93	 100
93	 108
93	 115
93	 129
93	 135
93	 145
93	 148
93	 164
93	 177
93	 182
93	 198
93	 207
93	 210
93	 220
93	 245
93	 248
93	 262
93	 278
93	 283
93	 288
93	 290
93	 302
93	 308
93	 315
93	 318
93	 356
93	 364
93	 390
93	 393
93	 396
93	 398
93	 399
94	 96
94	 98
94	 100
94	 101
94	 112
94	 134
94	 148
94	 151
94	 152
94	 160
94	 168
94	 170
94	 171
94	 190
94	 220
94	 222
94	 255
94	 284
94	 297
94	 303
94	 318
94	 334
94	 340
94	 351
94	 362
94	 368
94	 390
95	 96
95	 109
95	 122
95	 126
95	 129
95	 132
95	 142
95	 161
95	 175
95	 182
95	 184
95	 195
95	 197
95	 199
95	 207
95	 209
95	 213
95	 214
95	 219
95	 220
95	 253
95	 275
95	 276
95	 284
95	 287
95	 288
95	 289
95	 291
95	 302
95	 307
95	 311
95	 349
95	 362
95	 374
95	 379
95	 390
95	 400
96	 107
96	 133
96	 155
96	 169
96	 201
96	 202
96	 203
96	 204
96	 218
96	 225
96	 227
96	 229
96	 233
96	 236
96	 240
96	 243
96	 244
96	 254
96	 268
96	 274
96	 282
96	 295
96	 299
96	 300
96	 306
96	 310
96	 324
96	 325
96	 332
96	 337
96	 344
96	 352
96	 353
96	 367
96	 387
97	 102
97	 108
97	 115
97	 122
97	 126
97	 131
97	 158
97	 176
97	 182
97	 190
97	 195
97	 196
97	 203
97	 210
97	 212
97	 214
97	 235
97	 249
97	 252
97	 275
97	 297
97	 301
97	 315
97	 327
97	 335
97	 338
97	 349
97	 355
97	 356
97	 361
97	 396
97	 400
98	 104
98	 127
98	 138
98	 140
98	 142
98	 151
98	 156
98	 157
98	 159
98	 172
98	 183
98	 197
98	 203
98	 236
98	 241
98	 254
98	 272
98	 274
98	 279
98	 294
98	 304
98	 309
98	 350
98	 354
98	 360
98	 365
98	 367
98	 382
98	 386
98	 391
98	 392
99	 115
99	 116
99	 126
99	 131
99	 136
99	 147
99	 162
99	 164
99	 167
99	 171
99	 173
99	 177
99	 184
99	 189
99	 196
99	 234
99	 247
99	 264
99	 268
99	 272
99	 273
99	 275
99	 276
99	 277
99	 286
99	 287
99	 297
99	 301
99	 333
99	 367
99	 369
99	 371
99	 375
100	 117
100	 120
100	 125
100	 143
100	 146
100	 157
100	 165
100	 174
100	 179
100	 180
100	 215
100	 218
100	 225
100	 227
100	 229
100	 231
100	 236
100	 238
100	 244
100	 246
100	 257
100	 259
100	 267
100	 271
100	 279
100	 294
100	 304
100	 305
100	 310
100	 311
100	 312
100	 317
100	 332
100	 337
100	 354
100	 376
100	 377
100	 383
101	 103
101	 117
101	 123
101	 130
101	 140
101	 146
101	 153
101	 155
101	 165
101	 171
101	 180
101	 181
101	 203
101	 232
101	 238
101	 270
101	 279
101	 294
101	 296
101	 300
101	 312
101	 332
101	 344
101	 346
101	 352
101	 354
101	 359
101	 367
101	 370
101	 371
101	 376
101	 386
102	 123
102	 137
102	 140
102	 143
102	 149
102	 156
102	 173
102	 206
102	 225
102	 233
102	 237
102	 246
102	 254
102	 257
102	 258
102	 259
102	 263
102	 266
102	 269
102	 270
102	 274
102	 279
102	 285
102	 291
102	 299
102	 305
102	 312
102	 317
102	 328
102	 339
102	 357
102	 359
102	 365
102	 381
102	 387
102	 388
102	 392
103	 109
103	 118
103	 126
103	 128
103	 129
103	 152
103	 166
103	 171
103	 178
103	 194
103	 200
103	 204
103	 207
103	 209
103	 210
103	 211
103	 248
103	 252
103	 272
103	 286
103	 288
103	 289
103	 297
103	 302
103	 303
103	 311
103	 326
103	 343
103	 355
103	 389
103	 392
103	 394
104	 109
104	 132
104	 136
104	 152
104	 154
104	 163
104	 168
104	 175
104	 190
104	 193
104	 194
104	 195
104	 199
104	 201
104	 214
104	 253
104	 256
104	 260
104	 265
104	 268
104	 273
104	 275
104	 277
104	 289
104	 290
104	 294
104	 301
104	 302
104	 303
104	 326
104	 346
104	 361
104	 390
105	 108
105	 126
105	 134
105	 136
105	 142
105	 166
105	 189
105	 200
105	 201
105	 214
105	 217
105	 220
105	 223
105	 228
105	 240
105	 242
105	 256
105	 262
105	 276
105	 280
105	 284
105	 286
105	 287
105	 288
105	 289
105	 292
105	 302
105	 303
105	 308
105	 316
105	 323
105	 330
105	 334
105	 336
105	 349
105	 364
105	 371
105	 387
105	 389
106	 123
106	 132
106	 186
106	 199
106	 212
106	 225
106	 229
106	 262
106	 271
106	 304
106	 312
106	 314
106	 324
106	 328
106	 332
106	 377
106	 380
106	 385
107	 114
107	 118
107	 126
107	 141
107	 152
107	 170
107	 171
107	 176
107	 178
107	 197
107	 209
107	 230
107	 231
107	 239
107	 240
107	 242
107	 261
107	 280
107	 302
107	 308
107	 313
107	 320
107	 334
107	 338
107	 340
107	 374
107	 385
107	 394
107	 397
108	 123
108	 125
108	 126
108	 144
108	 146
108	 157
108	 158
108	 163
108	 173
108	 212
108	 215
108	 251
108	 258
108	 279
108	 324
108	 330
108	 345
108	 350
108	 360
108	 366
108	 373
108	 382
108	 397
109	 127
109	 172
109	 186
109	 191
109	 202
109	 206
109	 233
109	 237
109	 252
109	 257
109	 271
109	 331
109	 337
109	 345
109	 348
109	 352
109	 357
109	 384
109	 387
109	 388
109	 393
110	 113
110	 133
110	 143
110	 145
110	 159
110	 169
110	 173
110	 185
110	 191
110	 204
110	 206
110	 208
110	 212
110	 213
110	 215
110	 216
110	 232
110	 241
110	 260
110	 270
110	 271
110	 288
110	 292
110	 304
110	 305
110	 307
110	 309
110	 312
110	 324
110	 331
110	 341
110	 357
110	 359
110	 363
110	 365
110	 373
110	 387
110	 391
111	 117
111	 121
111	 125
111	 139
111	 145
111	 146
111	 151
111	 158
111	 159
111	 163
111	 185
111	 187
111	 218
111	 255
111	 258
111	 274
111	 281
111	 307
111	 310
111	 314
111	 322
111	 329
111	 344
111	 370
111	 373
111	 380
111	 384
111	 385
111	 386
111	 393
112	 121
112	 130
112	 137
112	 155
112	 157
112	 181
112	 188
112	 206
112	 212
112	 214
112	 229
112	 232
112	 251
112	 260
112	 263
112	 270
112	 293
112	 299
112	 314
112	 322
112	 337
112	 347
112	 376
112	 378
113	 122
113	 142
113	 153
113	 166
113	 167
113	 194
113	 196
113	 205
113	 207
113	 219
113	 224
113	 230
113	 234
113	 235
113	 240
113	 247
113	 248
113	 252
113	 253
113	 258
113	 265
113	 275
113	 278
113	 280
113	 289
113	 290
113	 302
113	 308
113	 310
113	 319
113	 338
113	 340
114	 117
114	 119
114	 138
114	 145
114	 150
114	 151
114	 159
114	 179
114	 215
114	 225
114	 226
114	 232
114	 233
114	 237
114	 238
114	 271
114	 275
114	 292
114	 298
114	 300
114	 306
114	 314
114	 321
114	 324
114	 325
114	 345
114	 354
114	 357
114	 365
114	 380
114	 381
114	 382
114	 383
114	 388
115	 119
115	 120
115	 130
115	 133
115	 158
115	 163
115	 183
115	 204
115	 205
115	 206
115	 222
115	 223
115	 267
115	 270
115	 271
115	 274
115	 282
115	 294
115	 295
115	 296
115	 304
115	 305
115	 307
115	 321
115	 324
115	 331
115	 372
115	 386
115	 387
116	 120
116	 121
116	 123
116	 127
116	 138
116	 140
116	 143
116	 149
116	 157
116	 159
116	 179
116	 183
116	 185
116	 187
116	 188
116	 202
116	 208
116	 229
116	 230
116	 232
116	 260
116	 269
116	 270
116	 281
116	 283
116	 295
116	 304
116	 309
116	 321
116	 322
116	 341
116	 345
116	 348
116	 350
116	 357
116	 360
116	 376
116	 377
116	 395
117	 129
117	 134
117	 135
117	 142
117	 147
117	 152
117	 155
117	 182
117	 184
117	 196
117	 197
117	 210
117	 223
117	 231
117	 245
117	 248
117	 252
117	 253
117	 255
117	 284
117	 287
117	 288
117	 311
117	 318
117	 326
117	 330
117	 363
117	 375
117	 379
117	 390
117	 398
118	 140
118	 143
118	 167
118	 168
118	 173
118	 181
118	 204
118	 216
118	 218
118	 244
118	 249
118	 258
118	 263
118	 282
118	 285
118	 294
118	 296
118	 305
118	 317
118	 322
118	 348
118	 352
118	 357
118	 363
118	 372
118	 373
118	 382
118	 393
119	 128
119	 132
119	 142
119	 171
119	 177
119	 189
119	 190
119	 195
119	 199
119	 210
119	 213
119	 223
119	 231
119	 234
119	 243
119	 247
119	 252
119	 255
119	 265
119	 287
119	 293
119	 303
119	 309
119	 311
119	 316
119	 334
119	 335
119	 355
119	 358
119	 364
119	 368
119	 371
119	 377
119	 394
119	 398
119	 400
120	 134
120	 148
120	 152
120	 157
120	 166
120	 175
120	 182
120	 193
120	 217
120	 219
120	 221
120	 228
120	 231
120	 239
120	 246
120	 247
120	 261
120	 280
120	 283
120	 287
120	 288
120	 289
120	 302
120	 308
120	 356
120	 372
120	 375
120	 397
121	 127
121	 166
121	 184
121	 194
121	 196
121	 202
121	 205
121	 222
121	 234
121	 242
121	 249
121	 261
121	 266
121	 272
121	 273
121	 302
121	 303
121	 327
121	 342
121	 343
121	 368
121	 371
121	 390
121	 396
121	 399
122	 124
122	 143
122	 149
122	 186
122	 192
122	 202
122	 204
122	 208
122	 225
122	 236
122	 241
122	 258
122	 260
122	 266
122	 296
122	 312
122	 314
122	 321
122	 322
122	 339
122	 347
122	 354
122	 359
122	 363
122	 376
122	 386
122	 389
123	 131
123	 135
123	 140
123	 147
123	 162
123	 174
123	 175
123	 189
123	 195
123	 199
123	 201
123	 207
123	 210
123	 242
123	 248
123	 249
123	 256
123	 265
123	 278
123	 282
123	 284
123	 288
123	 314
123	 318
123	 326
123	 340
123	 343
123	 346
123	 368
123	 371
124	 131
124	 132
124	 136
124	 154
124	 168
124	 178
124	 179
124	 180
124	 184
124	 193
124	 195
124	 197
124	 210
124	 219
124	 222
124	 228
124	 234
124	 239
124	 261
124	 268
124	 289
124	 326
124	 327
124	 330
124	 348
124	 369
124	 375
124	 397
124	 400
125	 126
125	 129
125	 166
125	 171
125	 182
125	 187
125	 191
125	 195
125	 213
125	 220
125	 245
125	 252
125	 264
125	 273
125	 275
125	 290
125	 303
125	 317
125	 318
125	 334
125	 351
125	 355
125	 368
125	 369
125	 389
125	 396
125	 398
126	 133
126	 137
126	 146
126	 150
126	 158
126	 183
126	 188
126	 203
126	 225
126	 227
126	 233
126	 244
126	 251
126	 259
126	 279
126	 294
126	 304
126	 309
126	 310
126	 314
126	 324
126	 325
126	 330
126	 339
126	 354
126	 357
126	 365
126	 386
126	 387
126	 397
127	 141
127	 166
127	 170
127	 171
127	 176
127	 193
127	 197
127	 202
127	 205
127	 207
127	 209
127	 211
127	 221
127	 222
127	 228
127	 231
127	 235
127	 242
127	 248
127	 253
127	 266
127	 277
127	 293
127	 308
127	 313
127	 316
127	 323
127	 333
127	 346
127	 349
127	 356
127	 362
127	 369
127	 374
127	 390
127	 399
128	 143
128	 146
128	 150
128	 156
128	 159
128	 165
128	 179
128	 186
128	 202
128	 208
128	 242
128	 243
128	 247
128	 251
128	 263
128	 267
128	 279
128	 305
128	 317
128	 324
128	 337
128	 339
128	 347
128	 353
128	 364
128	 370
128	 373
128	 385
128	 387
128	 391
129	 144
129	 149
129	 181
129	 183
129	 237
129	 263
129	 285
129	 299
129	 307
129	 324
129	 327
129	 328
129	 336
129	 344
129	 348
129	 352
129	 360
129	 366
129	 368
129	 380
129	 381
129	 382
129	 384
129	 396
130	 139
130	 152
130	 160
130	 162
130	 166
130	 170
130	 177
130	 190
130	 193
130	 194
130	 198
130	 205
130	 217
130	 219
130	 220
130	 221
130	 228
130	 230
130	 242
130	 255
130	 264
130	 291
130	 293
130	 297
130	 301
130	 318
130	 321
130	 327
130	 330
130	 333
130	 334
130	 338
130	 346
130	 364
130	 369
130	 396
131	 133
131	 137
131	 159
131	 165
131	 177
131	 180
131	 184
131	 203
131	 218
131	 236
131	 246
131	 250
131	 251
131	 258
131	 270
131	 281
131	 305
131	 307
131	 321
131	 325
131	 328
131	 341
131	 348
131	 365
131	 375
131	 376
131	 377
131	 381
131	 383
132	 144
132	 150
132	 163
132	 173
132	 199
132	 215
132	 218
132	 241
132	 243
132	 260
132	 262
132	 285
132	 292
132	 324
132	 328
132	 360
132	 366
132	 386
133	 136
133	 148
133	 176
133	 177
133	 193
133	 213
133	 222
133	 228
133	 231
133	 236
133	 240
133	 264
133	 267
133	 273
133	 277
133	 286
133	 289
133	 291
133	 323
133	 326
133	 338
133	 346
133	 374
133	 399
134	 137
134	 169
134	 185
134	 186
134	 216
134	 225
134	 233
134	 246
134	 267
134	 269
134	 295
134	 296
134	 317
134	 332
134	 354
134	 357
134	 365
134	 367
134	 374
134	 376
134	 381
134	 387
134	 400
135	 148
135	 173
135	 243
135	 244
135	 277
135	 279
135	 292
135	 324
135	 336
135	 347
135	 349
135	 350
135	 359
135	 363
135	 365
135	 384
136	 137
136	 139
136	 157
136	 163
136	 165
136	 172
136	 180
136	 185
136	 186
136	 203
136	 208
136	 216
136	 218
136	 232
136	 233
136	 237
136	 254
136	 257
136	 263
136	 269
136	 282
136	 307
136	 312
136	 314
136	 331
136	 332
136	 352
136	 370
136	 376
136	 377
136	 380
136	 388
136	 391
137	 160
137	 170
137	 171
137	 177
137	 184
137	 193
137	 199
137	 200
137	 221
137	 222
137	 242
137	 248
137	 270
137	 272
137	 301
137	 318
137	 320
137	 322
137	 323
137	 330
137	 334
137	 340
138	 154
138	 170
138	 177
138	 197
138	 199
138	 211
138	 217
138	 255
138	 261
138	 277
138	 293
138	 301
138	 318
138	 323
138	 325
138	 330
138	 340
138	 368
138	 370
138	 374
138	 390
138	 396
139	 147
139	 161
139	 166
139	 167
139	 189
139	 195
139	 198
139	 200
139	 201
139	 221
139	 222
139	 234
139	 262
139	 268
139	 283
139	 284
139	 287
139	 297
139	 301
139	 303
139	 315
139	 321
139	 323
139	 334
139	 342
139	 356
139	 369
140	 162
140	 167
140	 171
140	 178
140	 184
140	 194
140	 205
140	 217
140	 220
140	 221
140	 224
140	 226
140	 228
140	 253
140	 262
140	 264
140	 282
140	 301
140	 302
140	 314
140	 333
140	 338
140	 346
140	 351
140	 364
140	 394
141	 145
141	 155
141	 164
141	 179
141	 180
141	 181
141	 183
141	 185
141	 220
141	 225
141	 236
141	 241
141	 250
141	 254
141	 266
141	 270
141	 278
141	 285
141	 304
141	 309
141	 310
141	 325
141	 344
141	 345
141	 354
141	 365
141	 378
141	 387
141	 393
141	 395
142	 151
142	 157
142	 192
142	 197
142	 212
142	 215
142	 232
142	 243
142	 271
142	 272
142	 274
142	 285
142	 309
142	 314
142	 325
142	 329
142	 336
142	 337
142	 339
142	 344
142	 350
142	 366
142	 383
142	 384
142	 385
142	 392
142	 395
143	 162
143	 178
143	 184
143	 190
143	 193
143	 197
143	 201
143	 207
143	 209
143	 216
143	 219
143	 239
143	 242
143	 253
143	 262
143	 263
143	 265
143	 280
143	 293
143	 297
143	 319
143	 320
143	 323
143	 330
143	 338
143	 342
143	 356
143	 358
143	 365
143	 374
143	 398
144	 147
144	 148
144	 174
144	 176
144	 182
144	 189
144	 195
144	 196
144	 211
144	 220
144	 222
144	 225
144	 239
144	 249
144	 262
144	 273
144	 275
144	 276
144	 284
144	 287
144	 288
144	 289
144	 290
144	 338
144	 343
144	 346
144	 379
144	 390
144	 398
145	 147
145	 148
145	 166
145	 168
145	 177
145	 182
145	 189
145	 195
145	 198
145	 200
145	 205
145	 210
145	 213
145	 214
145	 219
145	 220
145	 242
145	 247
145	 256
145	 262
145	 264
145	 275
145	 277
145	 283
145	 286
145	 290
145	 291
145	 293
145	 297
145	 335
145	 346
145	 369
145	 393
145	 394
145	 396
146	 147
146	 167
146	 195
146	 200
146	 201
146	 207
146	 214
146	 217
146	 220
146	 224
146	 234
146	 247
146	 249
146	 256
146	 264
146	 265
146	 276
146	 302
146	 323
146	 326
146	 345
146	 351
146	 354
146	 355
146	 371
146	 383
146	 400
147	 151
147	 155
147	 157
147	 158
147	 159
147	 169
147	 181
147	 183
147	 185
147	 191
147	 192
147	 202
147	 237
147	 260
147	 263
147	 266
147	 279
147	 281
147	 285
147	 296
147	 300
147	 309
147	 314
147	 328
147	 336
147	 359
147	 360
147	 362
147	 366
147	 370
147	 373
147	 382
147	 391
147	 392
148	 158
148	 172
148	 191
148	 203
148	 204
148	 237
148	 243
148	 257
148	 259
148	 277
148	 279
148	 281
148	 285
148	 305
148	 306
148	 312
148	 324
148	 331
148	 337
148	 349
148	 354
148	 376
148	 377
148	 380
148	 383
148	 385
149	 160
149	 190
149	 198
149	 205
149	 209
149	 211
149	 219
149	 230
149	 248
149	 268
149	 273
149	 277
149	 286
149	 287
149	 323
149	 327
149	 330
149	 333
149	 335
149	 368
149	 379
149	 382
149	 390
149	 398
149	 399
150	 161
150	 164
150	 175
150	 176
150	 178
150	 220
150	 221
150	 222
150	 224
150	 228
150	 234
150	 235
150	 273
150	 277
150	 290
150	 293
150	 298
150	 302
150	 312
150	 355
150	 356
150	 389
150	 397
151	 182
151	 189
151	 193
151	 196
151	 197
151	 199
151	 211
151	 221
151	 224
151	 239
151	 242
151	 255
151	 261
151	 268
151	 275
151	 278
151	 286
151	 291
151	 313
151	 319
151	 351
151	 356
151	 390
151	 397
151	 400
152	 153
152	 155
152	 157
152	 163
152	 179
152	 188
152	 190
152	 192
152	 196
152	 204
152	 215
152	 216
152	 258
152	 274
152	 281
152	 285
152	 292
152	 310
152	 314
152	 328
152	 334
152	 352
152	 354
152	 357
152	 365
152	 366
152	 373
152	 384
152	 388
152	 393
152	 395
153	 166
153	 171
153	 194
153	 200
153	 209
153	 213
153	 221
153	 224
153	 226
153	 239
153	 248
153	 255
153	 256
153	 258
153	 262
153	 272
153	 280
153	 310
153	 319
153	 320
153	 323
153	 327
153	 330
153	 333
153	 338
153	 346
153	 361
153	 362
153	 368
153	 394
154	 165
154	 179
154	 180
154	 198
154	 203
154	 204
154	 210
154	 233
154	 236
154	 254
154	 266
154	 269
154	 274
154	 279
154	 282
154	 292
154	 294
154	 304
154	 305
154	 321
154	 329
154	 331
154	 341
154	 366
154	 380
154	 381
154	 386
154	 391
155	 168
155	 193
155	 205
155	 219
155	 226
155	 230
155	 252
155	 253
155	 264
155	 265
155	 276
155	 280
155	 287
155	 288
155	 293
155	 333
155	 340
155	 343
155	 362
155	 363
155	 374
155	 375
155	 379
155	 389
155	 398
156	 160
156	 162
156	 176
156	 178
156	 184
156	 190
156	 194
156	 205
156	 209
156	 241
156	 255
156	 264
156	 265
156	 272
156	 284
156	 297
156	 303
156	 308
156	 313
156	 355
156	 362
156	 391
156	 398
157	 160
157	 166
157	 170
157	 178
157	 190
157	 197
157	 199
157	 205
157	 217
157	 231
157	 242
157	 246
157	 247
157	 249
157	 252
157	 289
157	 297
157	 303
157	 311
157	 313
157	 319
157	 320
157	 323
157	 346
157	 362
157	 364
157	 371
157	 372
157	 375
158	 175
158	 190
158	 195
158	 196
158	 203
158	 205
158	 212
158	 261
158	 262
158	 290
158	 297
158	 313
158	 335
158	 349
158	 356
158	 374
158	 375
158	 394
158	 400
159	 166
159	 174
159	 178
159	 182
159	 193
159	 209
159	 210
159	 234
159	 245
159	 254
159	 275
159	 290
159	 301
159	 315
159	 316
159	 319
159	 326
159	 335
159	 338
159	 340
159	 358
159	 364
159	 371
159	 388
159	 400
160	 161
160	 169
160	 173
160	 185
160	 186
160	 187
160	 188
160	 204
160	 208
160	 225
160	 233
160	 266
160	 281
160	 285
160	 294
160	 300
160	 304
160	 305
160	 323
160	 332
160	 366
160	 376
160	 378
161	 187
161	 192
161	 215
161	 216
161	 243
161	 251
161	 267
161	 285
161	 295
161	 300
161	 307
161	 323
161	 324
161	 329
161	 336
161	 363
161	 365
161	 373
161	 382
161	 393
162	 186
162	 192
162	 202
162	 203
162	 204
162	 215
162	 239
162	 251
162	 254
162	 267
162	 269
162	 271
162	 296
162	 309
162	 317
162	 324
162	 336
162	 360
162	 367
162	 372
162	 376
162	 377
162	 387
162	 391
163	 171
163	 175
163	 182
163	 184
163	 195
163	 213
163	 221
163	 235
163	 260
163	 264
163	 265
163	 273
163	 277
163	 293
163	 294
163	 323
163	 351
163	 368
163	 371
163	 374
164	 180
164	 202
164	 220
164	 233
164	 236
164	 241
164	 251
164	 254
164	 257
164	 278
164	 305
164	 341
164	 344
164	 370
164	 378
165	 170
165	 177
165	 190
165	 198
165	 205
165	 213
165	 223
165	 242
165	 262
165	 272
165	 277
165	 278
165	 287
165	 288
165	 290
165	 301
165	 311
165	 323
165	 327
165	 343
165	 353
165	 362
165	 369
165	 381
166	 187
166	 203
166	 251
166	 257
166	 263
166	 279
166	 290
166	 294
166	 295
166	 298
166	 299
166	 305
166	 314
166	 317
166	 320
166	 341
166	 370
166	 377
166	 382
166	 388
167	 168
167	 179
167	 181
167	 203
167	 233
167	 238
167	 246
167	 249
167	 254
167	 259
167	 271
167	 295
167	 298
167	 304
167	 305
167	 312
167	 314
167	 321
167	 363
167	 365
167	 366
167	 367
167	 376
167	 387
168	 169
168	 183
168	 206
168	 218
168	 225
168	 229
168	 232
168	 237
168	 246
168	 249
168	 269
168	 270
168	 281
168	 294
168	 296
168	 304
168	 305
168	 312
168	 322
168	 331
168	 332
168	 337
168	 352
168	 360
168	 376
168	 388
168	 393
169	 205
169	 214
169	 240
169	 247
169	 248
169	 268
169	 272
169	 287
169	 313
169	 316
169	 326
169	 346
169	 347
169	 396
169	 397
169	 398
170	 172
170	 183
170	 203
170	 206
170	 237
170	 246
170	 257
170	 263
170	 265
170	 269
170	 270
170	 284
170	 285
170	 294
170	 295
170	 304
170	 328
170	 357
170	 365
170	 366
170	 377
170	 378
170	 381
170	 388
171	 173
171	 180
171	 185
171	 187
171	 191
171	 216
171	 246
171	 274
171	 281
171	 294
171	 310
171	 317
171	 324
171	 341
171	 345
171	 346
171	 350
171	 357
171	 359
171	 371
171	 377
171	 382
171	 383
171	 387
172	 197
172	 199
172	 221
172	 234
172	 245
172	 252
172	 256
172	 262
172	 265
172	 284
172	 287
172	 293
172	 304
172	 313
172	 315
172	 316
172	 323
172	 338
172	 349
172	 351
172	 358
172	 369
172	 371
172	 389
172	 400
173	 177
173	 182
173	 184
173	 189
173	 190
173	 193
173	 194
173	 199
173	 210
173	 211
173	 219
173	 220
173	 223
173	 228
173	 247
173	 252
173	 262
173	 268
173	 278
173	 287
173	 288
173	 291
173	 301
173	 302
173	 311
173	 361
173	 364
173	 367
173	 368
173	 369
173	 375
173	 379
174	 212
174	 216
174	 231
174	 233
174	 257
174	 294
174	 298
174	 304
174	 311
174	 317
174	 322
174	 345
174	 348
174	 350
174	 357
174	 373
174	 376
174	 380
174	 382
174	 386
175	 180
175	 192
175	 215
175	 218
175	 251
175	 263
175	 274
175	 281
175	 296
175	 299
175	 306
175	 321
175	 324
175	 325
175	 342
175	 345
175	 348
175	 359
175	 365
175	 366
175	 382
175	 385
175	 388
175	 395
176	 188
176	 192
176	 204
176	 212
176	 218
176	 229
176	 236
176	 244
176	 248
176	 266
176	 296
176	 298
176	 305
176	 322
176	 324
176	 331
176	 332
176	 337
176	 340
176	 347
176	 348
176	 365
176	 376
176	 377
176	 378
177	 179
177	 181
177	 184
177	 185
177	 202
177	 208
177	 218
177	 225
177	 241
177	 243
177	 250
177	 258
177	 271
177	 296
177	 304
177	 307
177	 314
177	 331
177	 336
177	 339
177	 352
177	 353
177	 359
177	 373
177	 375
177	 376
177	 380
177	 382
177	 383
177	 384
177	 385
177	 387
177	 388
177	 391
177	 393
178	 179
178	 189
178	 202
178	 204
178	 216
178	 224
178	 225
178	 254
178	 257
178	 263
178	 269
178	 271
178	 294
178	 306
178	 328
178	 332
178	 341
178	 344
178	 357
178	 363
178	 370
178	 373
178	 386
178	 398
179	 180
179	 184
179	 207
179	 220
179	 228
179	 230
179	 248
179	 272
179	 284
179	 316
179	 319
179	 330
179	 348
179	 361
179	 368
179	 369
180	 182
180	 189
180	 196
180	 197
180	 217
180	 221
180	 234
180	 240
180	 247
180	 252
180	 262
180	 276
180	 288
180	 289
180	 291
180	 293
180	 297
180	 302
180	 319
180	 333
180	 340
180	 348
180	 358
180	 371
180	 374
180	 379
180	 389
181	 184
181	 190
181	 194
181	 196
181	 199
181	 205
181	 211
181	 221
181	 231
181	 249
181	 255
181	 268
181	 275
181	 283
181	 288
181	 293
181	 308
181	 326
181	 334
181	 340
181	 357
181	 360
181	 380
181	 394
182	 183
182	 215
182	 250
182	 258
182	 259
182	 260
182	 274
182	 285
182	 296
182	 307
182	 324
182	 325
182	 329
182	 336
182	 344
182	 359
182	 366
182	 380
182	 382
182	 384
182	 395
183	 190
183	 196
183	 209
183	 217
183	 223
183	 247
183	 249
183	 256
183	 261
183	 265
183	 268
183	 276
183	 290
183	 301
183	 311
183	 319
183	 330
183	 375
183	 400
184	 186
184	 202
184	 206
184	 212
184	 216
184	 218
184	 227
184	 254
184	 258
184	 260
184	 282
184	 296
184	 305
184	 329
184	 332
184	 337
184	 345
184	 353
184	 363
184	 375
184	 380
184	 386
184	 387
184	 388
185	 196
185	 199
185	 200
185	 205
185	 209
185	 210
185	 211
185	 220
185	 222
185	 235
185	 240
185	 247
185	 250
185	 262
185	 264
185	 283
185	 288
185	 290
185	 315
185	 333
185	 343
185	 355
185	 358
185	 361
185	 364
186	 199
186	 215
186	 239
186	 242
186	 264
186	 265
186	 301
186	 316
186	 318
186	 327
186	 330
186	 333
186	 335
186	 338
186	 350
186	 355
186	 358
186	 361
186	 374
186	 396
187	 191
187	 219
187	 222
187	 223
187	 255
187	 262
187	 283
187	 303
187	 313
187	 317
187	 356
187	 369
187	 375
188	 189
188	 199
188	 213
188	 234
188	 237
188	 240
188	 253
188	 255
188	 265
188	 280
188	 297
188	 326
188	 343
188	 358
188	 361
188	 374
188	 375
188	 389
189	 191
189	 215
189	 224
189	 263
189	 270
189	 274
189	 279
189	 285
189	 296
189	 299
189	 380
189	 386
189	 391
189	 392
189	 395
189	 398
190	 196
190	 203
190	 208
190	 257
190	 270
190	 281
190	 300
190	 312
190	 321
190	 324
190	 325
190	 334
190	 337
190	 354
190	 357
190	 363
191	 195
191	 199
191	 209
191	 219
191	 220
191	 221
191	 226
191	 231
191	 235
191	 248
191	 252
191	 273
191	 277
191	 283
191	 284
191	 297
191	 302
191	 303
191	 311
191	 317
191	 330
191	 340
191	 355
191	 356
191	 358
191	 368
191	 397
192	 210
192	 247
192	 248
192	 252
192	 257
192	 293
192	 315
192	 320
192	 335
192	 337
192	 338
192	 343
192	 346
192	 379
192	 389
192	 396
192	 398
192	 400
193	 200
193	 204
193	 225
193	 227
193	 229
193	 238
193	 241
193	 258
193	 294
193	 296
193	 328
193	 361
194	 202
194	 212
194	 238
194	 243
194	 251
194	 259
194	 264
194	 269
194	 274
194	 294
194	 299
194	 314
194	 315
194	 354
194	 356
194	 357
194	 370
194	 377
194	 380
194	 387
194	 393
195	 202
195	 215
195	 216
195	 241
195	 251
195	 267
195	 271
195	 279
195	 281
195	 285
195	 295
195	 296
195	 300
195	 303
195	 309
195	 310
195	 319
195	 321
195	 360
195	 363
195	 365
195	 380
195	 385
195	 393
195	 395
196	 208
196	 216
196	 238
196	 250
196	 267
196	 270
196	 274
196	 285
196	 334
196	 345
196	 348
196	 359
196	 360
196	 363
196	 370
196	 384
196	 393
197	 204
197	 233
197	 243
197	 260
197	 267
197	 270
197	 272
197	 292
197	 296
197	 305
197	 312
197	 314
197	 341
197	 348
197	 353
197	 365
197	 373
197	 378
197	 382
198	 202
198	 210
198	 218
198	 227
198	 243
198	 254
198	 259
198	 267
198	 279
198	 298
198	 305
198	 309
198	 325
198	 328
198	 329
198	 331
198	 352
198	 373
198	 376
198	 378
198	 395
199	 225
199	 262
199	 274
199	 295
199	 304
199	 345
199	 348
199	 360
199	 367
199	 376
199	 378
199	 388
200	 204
200	 237
200	 270
200	 279
200	 295
200	 309
200	 312
200	 317
200	 337
200	 344
200	 352
200	 361
200	 372
200	 377
200	 386
200	 392
201	 202
201	 204
201	 212
201	 229
201	 236
201	 240
201	 244
201	 254
201	 257
201	 268
201	 279
201	 298
201	 304
201	 321
201	 341
201	 344
201	 353
201	 373
201	 378
201	 380
202	 205
202	 217
202	 222
202	 231
202	 235
202	 252
202	 266
202	 283
202	 288
202	 302
202	 308
202	 311
202	 313
202	 319
202	 334
202	 335
202	 346
202	 361
202	 368
202	 379
202	 394
202	 400
203	 207
203	 212
203	 217
203	 219
203	 224
203	 226
203	 228
203	 255
203	 262
203	 280
203	 302
203	 340
203	 361
203	 369
204	 205
204	 207
204	 217
204	 228
204	 242
204	 262
204	 280
204	 284
204	 293
204	 302
204	 327
204	 333
204	 364
204	 392
204	 396
204	 397
204	 399
205	 208
205	 222
205	 223
205	 225
205	 229
205	 246
205	 266
205	 292
205	 298
205	 305
205	 309
205	 312
205	 317
205	 325
205	 336
205	 344
205	 353
205	 357
205	 363
205	 367
205	 386
205	 387
205	 393
206	 209
206	 211
206	 224
206	 240
206	 261
206	 297
206	 302
206	 303
206	 323
206	 329
206	 338
206	 340
206	 344
206	 361
206	 386
206	 397
207	 212
207	 215
207	 233
207	 234
207	 250
207	 270
207	 281
207	 312
207	 314
207	 317
207	 333
207	 336
207	 341
207	 350
207	 352
207	 354
207	 358
207	 373
207	 380
207	 381
208	 220
208	 255
208	 273
208	 280
208	 283
208	 287
208	 289
208	 296
208	 316
208	 318
208	 319
208	 323
208	 330
208	 340
208	 346
208	 373
208	 396
208	 397
208	 399
209	 216
209	 225
209	 229
209	 237
209	 250
209	 251
209	 254
209	 263
209	 271
209	 282
209	 292
209	 294
209	 304
209	 305
209	 313
209	 324
209	 326
209	 328
209	 332
209	 350
209	 363
209	 377
209	 393
209	 395
210	 237
210	 251
210	 259
210	 270
210	 285
210	 295
210	 300
210	 309
210	 310
210	 339
210	 344
210	 370
210	 380
210	 381
210	 385
210	 386
210	 393
211	 254
211	 258
211	 259
211	 269
211	 295
211	 316
211	 317
211	 328
211	 337
211	 338
211	 345
211	 357
211	 359
211	 360
211	 366
211	 381
211	 384
211	 391
211	 392
212	 220
212	 223
212	 247
212	 249
212	 252
212	 273
212	 275
212	 276
212	 277
212	 284
212	 288
212	 289
212	 334
212	 340
212	 355
212	 375
212	 397
212	 400
213	 233
213	 236
213	 244
213	 254
213	 263
213	 267
213	 271
213	 274
213	 288
213	 309
213	 314
213	 317
213	 324
213	 332
213	 350
213	 370
213	 376
213	 392
213	 393
213	 395
214	 251
214	 267
214	 279
214	 293
214	 295
214	 298
214	 309
214	 336
214	 363
214	 373
214	 380
214	 385
215	 219
215	 222
215	 223
215	 245
215	 249
215	 252
215	 256
215	 265
215	 272
215	 278
215	 286
215	 288
215	 291
215	 311
215	 320
215	 343
215	 350
215	 362
215	 369
215	 374
215	 389
215	 396
216	 217
216	 222
216	 223
216	 239
216	 242
216	 247
216	 263
216	 275
216	 276
216	 277
216	 286
216	 287
216	 288
216	 290
216	 301
216	 319
216	 340
216	 342
216	 346
216	 355
216	 365
216	 371
216	 394
216	 399
217	 232
217	 243
217	 246
217	 263
217	 266
217	 270
217	 285
217	 286
217	 295
217	 299
217	 300
217	 304
217	 306
217	 312
217	 322
217	 347
217	 352
217	 357
217	 377
217	 378
217	 382
217	 383
217	 388
218	 219
218	 220
218	 222
218	 224
218	 242
218	 248
218	 249
218	 259
218	 268
218	 290
218	 291
218	 295
218	 327
218	 346
218	 356
218	 364
218	 376
218	 396
218	 398
219	 229
219	 233
219	 235
219	 237
219	 244
219	 276
219	 282
219	 296
219	 299
219	 304
219	 307
219	 309
219	 317
219	 329
219	 332
219	 336
219	 337
219	 347
219	 354
219	 377
220	 233
220	 236
220	 238
220	 243
220	 259
220	 266
220	 269
220	 271
220	 278
220	 279
220	 296
220	 309
220	 312
220	 314
220	 317
220	 321
220	 322
220	 354
220	 373
220	 378
220	 384
220	 386
220	 391
220	 392
220	 395
221	 225
221	 232
221	 237
221	 244
221	 269
221	 295
221	 306
221	 312
221	 332
221	 343
221	 351
221	 352
221	 366
221	 367
221	 370
221	 385
221	 386
221	 392
222	 223
222	 238
222	 250
222	 269
222	 270
222	 274
222	 298
222	 300
222	 331
222	 336
222	 378
222	 384
222	 392
223	 227
223	 237
223	 263
223	 266
223	 282
223	 298
223	 299
223	 322
223	 328
223	 336
223	 344
223	 347
223	 363
223	 366
223	 373
223	 383
223	 392
224	 237
224	 241
224	 246
224	 251
224	 259
224	 294
224	 317
224	 329
224	 345
224	 354
224	 363
224	 365
224	 377
224	 384
224	 385
224	 398
225	 226
225	 231
225	 256
225	 261
225	 262
225	 301
225	 302
225	 313
225	 330
225	 338
225	 340
225	 351
225	 362
225	 397
225	 398
225	 399
226	 229
226	 232
226	 241
226	 254
226	 258
226	 259
226	 270
226	 275
226	 295
226	 298
226	 307
226	 322
226	 325
226	 344
226	 377
226	 383
226	 392
226	 393
227	 228
227	 231
227	 234
227	 235
227	 238
227	 239
227	 247
227	 277
227	 279
227	 280
227	 286
227	 291
227	 293
227	 315
227	 342
227	 379
228	 260
228	 269
228	 271
228	 280
228	 282
228	 285
228	 305
228	 307
228	 310
228	 324
228	 325
228	 332
228	 336
228	 339
228	 354
228	 360
228	 365
228	 376
228	 377
228	 384
228	 386
229	 256
229	 280
229	 293
229	 301
229	 306
229	 320
229	 327
229	 330
229	 334
229	 342
229	 355
229	 361
229	 368
229	 369
229	 398
230	 232
230	 233
230	 269
230	 271
230	 283
230	 292
230	 305
230	 306
230	 332
230	 344
230	 360
230	 363
230	 376
230	 377
230	 378
230	 384
230	 386
230	 387
231	 244
231	 254
231	 257
231	 266
231	 269
231	 271
231	 304
231	 305
231	 307
231	 310
231	 311
231	 314
231	 354
231	 391
231	 395
232	 234
232	 247
232	 253
232	 265
232	 268
232	 272
232	 290
232	 313
232	 326
232	 327
232	 328
232	 333
232	 338
232	 351
232	 355
232	 361
232	 371
232	 378
232	 379
232	 389
233	 242
233	 265
233	 280
233	 285
233	 297
233	 308
233	 313
233	 318
233	 323
233	 327
233	 338
233	 340
233	 346
233	 355
233	 359
233	 361
233	 369
233	 395
233	 396
234	 237
234	 244
234	 250
234	 251
234	 266
234	 267
234	 270
234	 306
234	 307
234	 309
234	 322
234	 329
234	 333
234	 339
234	 347
234	 358
234	 363
234	 365
234	 366
234	 370
234	 373
234	 381
234	 385
235	 246
235	 251
235	 254
235	 259
235	 276
235	 282
235	 304
235	 312
235	 341
235	 360
235	 382
235	 385
235	 388
235	 395
236	 267
236	 284
236	 323
236	 342
236	 349
236	 358
236	 361
236	 394
236	 399
237	 240
237	 247
237	 249
237	 264
237	 272
237	 273
237	 278
237	 286
237	 293
237	 313
237	 315
237	 318
237	 320
237	 326
237	 343
237	 361
237	 375
237	 390
238	 239
238	 245
238	 261
238	 262
238	 279
238	 286
238	 319
238	 340
238	 342
238	 351
238	 356
238	 364
238	 375
238	 389
238	 396
238	 400
239	 254
239	 260
239	 270
239	 274
239	 296
239	 300
239	 304
239	 317
239	 350
239	 353
239	 354
239	 360
239	 388
240	 243
240	 257
240	 260
240	 267
240	 268
240	 281
240	 294
240	 306
240	 341
240	 344
240	 367
241	 262
241	 289
241	 290
241	 293
241	 315
241	 371
241	 391
241	 394
242	 243
242	 246
242	 247
242	 250
242	 296
242	 299
242	 305
242	 332
242	 337
242	 344
242	 364
242	 366
242	 372
242	 384
242	 395
243	 268
243	 272
243	 276
243	 278
243	 301
243	 302
243	 309
243	 340
243	 349
243	 358
243	 362
243	 364
243	 369
243	 377
243	 379
243	 389
243	 396
244	 247
244	 262
244	 272
244	 274
244	 277
244	 286
244	 301
244	 305
244	 311
244	 319
244	 320
244	 335
244	 371
244	 375
244	 397
245	 259
245	 263
245	 266
245	 279
245	 296
245	 301
245	 308
245	 314
245	 325
245	 329
245	 336
245	 359
245	 360
245	 365
245	 372
245	 384
245	 392
246	 302
246	 323
246	 342
246	 362
246	 369
246	 372
246	 374
246	 394
246	 397
247	 251
247	 266
247	 270
247	 281
247	 282
247	 285
247	 298
247	 306
247	 314
247	 321
247	 336
247	 337
247	 345
247	 350
247	 359
247	 363
247	 364
247	 372
247	 373
247	 385
247	 386
247	 393
247	 395
248	 279
248	 298
248	 325
248	 331
248	 340
248	 347
248	 354
248	 376
248	 385
248	 388
248	 391
249	 250
249	 267
249	 270
249	 279
249	 299
249	 310
249	 329
249	 336
249	 337
249	 347
249	 370
249	 372
249	 381
249	 383
249	 384
249	 385
249	 386
249	 388
250	 255
250	 284
250	 290
250	 297
250	 313
250	 319
250	 334
250	 343
250	 368
250	 375
250	 398
250	 400
251	 252
251	 261
251	 264
251	 276
251	 278
251	 281
251	 291
251	 313
251	 319
251	 361
251	 368
251	 390
252	 258
252	 260
252	 267
252	 279
252	 292
252	 295
252	 322
252	 329
252	 337
252	 352
252	 359
252	 360
252	 384
252	 391
252	 393
253	 254
253	 258
253	 287
253	 306
253	 314
253	 317
253	 318
253	 335
253	 345
253	 360
253	 366
253	 377
253	 392
254	 255
254	 301
254	 303
254	 308
254	 316
254	 320
254	 334
254	 342
254	 355
254	 356
254	 362
254	 369
254	 388
254	 394
254	 399
255	 260
255	 266
255	 295
255	 305
255	 341
255	 344
255	 347
255	 352
255	 353
255	 359
255	 365
255	 370
255	 372
255	 376
255	 388
256	 257
256	 273
256	 281
256	 297
256	 302
256	 306
256	 307
256	 310
256	 317
256	 337
256	 341
256	 357
256	 360
256	 367
256	 376
256	 388
257	 262
257	 308
257	 318
257	 320
257	 323
257	 335
257	 337
257	 342
257	 349
257	 362
257	 374
257	 394
257	 396
258	 288
258	 310
258	 316
258	 318
258	 323
258	 327
258	 343
258	 364
258	 369
258	 389
258	 400
259	 262
259	 276
259	 278
259	 283
259	 287
259	 295
259	 302
259	 318
259	 327
259	 334
259	 342
259	 356
259	 374
259	 375
259	 376
259	 400
260	 272
260	 275
260	 287
260	 288
260	 289
260	 290
260	 294
260	 301
260	 316
260	 330
260	 335
260	 346
260	 349
260	 369
260	 390
260	 397
260	 398
260	 400
261	 299
261	 341
261	 345
261	 353
261	 354
261	 355
261	 357
261	 366
261	 369
261	 370
261	 379
261	 381
261	 385
261	 386
261	 392
262	 271
262	 281
262	 295
262	 309
262	 310
262	 347
262	 354
262	 365
262	 367
262	 377
262	 382
262	 383
262	 384
262	 395
263	 273
263	 288
263	 289
263	 302
263	 311
263	 326
263	 335
263	 338
263	 349
263	 356
263	 365
263	 369
264	 266
264	 267
264	 269
264	 304
264	 306
264	 312
264	 315
264	 328
264	 356
264	 365
264	 366
264	 382
264	 383
264	 388
265	 274
265	 284
265	 294
265	 317
265	 329
265	 332
265	 336
265	 350
265	 395
266	 273
266	 288
266	 289
266	 297
266	 308
266	 311
266	 338
266	 356
266	 375
266	 379
266	 389
267	 287
267	 290
267	 303
267	 326
267	 335
267	 343
267	 351
267	 356
267	 371
267	 375
267	 389
268	 271
268	 274
268	 285
268	 296
268	 300
268	 321
268	 336
268	 350
268	 363
268	 365
268	 366
268	 370
268	 373
268	 391
269	 271
269	 272
269	 303
269	 316
269	 323
269	 324
269	 335
269	 356
269	 358
269	 361
269	 399
270	 275
270	 287
270	 290
270	 315
270	 322
270	 343
270	 375
270	 390
270	 399
271	 276
271	 277
271	 278
271	 311
271	 324
271	 335
271	 356
271	 364
271	 390
272	 307
272	 317
272	 328
272	 331
272	 332
272	 341
272	 345
272	 360
272	 372
272	 377
272	 378
272	 387
272	 393
273	 279
273	 282
273	 292
273	 297
273	 302
273	 314
273	 322
273	 336
273	 337
273	 360
273	 363
273	 366
273	 380
273	 382
273	 383
273	 384
273	 385
273	 392
273	 395
274	 288
274	 303
274	 305
274	 315
274	 320
274	 397
275	 282
275	 285
275	 296
275	 299
275	 309
275	 339
275	 360
275	 363
275	 365
275	 382
275	 386
275	 391
275	 393
276	 279
276	 281
276	 292
276	 295
276	 296
276	 328
276	 336
276	 344
276	 347
276	 359
276	 373
276	 380
276	 388
276	 393
276	 395
277	 279
277	 325
277	 344
277	 347
277	 349
277	 360
277	 367
277	 377
277	 387
277	 391
278	 292
278	 295
278	 300
278	 328
278	 339
278	 344
278	 360
278	 370
278	 372
278	 391
278	 392
279	 290
279	 297
279	 318
279	 327
279	 334
279	 355
279	 356
279	 389
280	 281
280	 294
280	 296
280	 306
280	 312
280	 317
280	 324
280	 325
280	 341
280	 344
280	 348
280	 353
280	 357
280	 359
280	 366
280	 378
280	 384
280	 387
281	 326
281	 330
281	 361
281	 399
282	 287
282	 288
282	 289
282	 302
282	 314
282	 320
282	 326
282	 333
282	 346
282	 398
283	 285
283	 295
283	 299
283	 306
283	 329
283	 336
283	 347
283	 363
283	 366
283	 391
283	 392
284	 300
284	 331
284	 332
284	 359
284	 367
284	 376
284	 377
284	 385
284	 395
285	 286
285	 289
285	 303
285	 311
285	 323
285	 326
285	 330
285	 338
285	 359
285	 390
285	 395
285	 399
285	 400
286	 295
286	 307
286	 310
286	 325
286	 339
286	 352
286	 363
286	 365
286	 381
286	 383
286	 385
286	 386
286	 391
286	 395
287	 292
287	 295
287	 300
287	 309
287	 314
287	 318
287	 325
287	 335
287	 336
287	 344
287	 347
287	 365
287	 373
287	 380
287	 381
287	 384
287	 385
287	 395
288	 296
288	 298
288	 299
288	 337
288	 339
288	 350
288	 370
288	 384
288	 395
289	 348
289	 352
289	 360
289	 373
289	 380
289	 383
289	 386
289	 390
289	 399
290	 295
290	 320
290	 339
290	 365
290	 372
290	 385
291	 296
291	 299
291	 312
291	 321
291	 337
291	 365
291	 376
291	 384
292	 316
292	 318
292	 326
292	 336
292	 340
292	 343
292	 349
292	 387
292	 396
292	 398
293	 294
293	 312
293	 336
293	 357
293	 360
293	 366
293	 373
293	 382
293	 384
293	 385
294	 318
294	 327
294	 330
294	 338
294	 346
294	 368
295	 303
295	 323
295	 333
295	 334
295	 343
295	 376
295	 396
295	 399
296	 316
296	 319
296	 343
296	 351
296	 355
296	 373
296	 400
297	 299
297	 302
297	 307
297	 354
297	 363
297	 370
297	 376
297	 377
297	 381
297	 388
298	 302
298	 303
298	 312
298	 335
298	 342
298	 358
298	 364
298	 368
298	 375
298	 396
299	 300
299	 327
299	 332
299	 355
299	 375
299	 379
300	 313
300	 332
300	 334
300	 338
301	 308
301	 314
301	 328
301	 329
301	 331
301	 339
301	 341
301	 347
301	 350
301	 360
301	 365
301	 381
301	 383
301	 385
301	 387
301	 392
302	 309
302	 336
302	 337
302	 357
302	 360
302	 367
302	 370
302	 377
302	 384
302	 387
303	 304
303	 305
303	 312
303	 319
303	 321
303	 324
303	 329
303	 332
303	 357
303	 359
303	 367
303	 372
303	 380
303	 382
303	 383
303	 384
303	 387
304	 327
304	 335
304	 338
304	 356
304	 358
304	 364
304	 369
304	 398
305	 308
305	 313
305	 316
305	 334
305	 335
305	 346
305	 356
305	 368
305	 369
306	 311
306	 340
306	 343
306	 349
306	 356
306	 358
306	 364
306	 371
307	 315
307	 316
307	 342
307	 351
307	 355
307	 358
307	 361
307	 371
307	 375
308	 337
308	 353
308	 357
308	 360
308	 378
308	 381
308	 385
308	 386
309	 311
309	 319
309	 326
309	 333
309	 338
309	 355
309	 362
309	 377
309	 379
309	 389
310	 334
310	 340
310	 351
310	 362
310	 371
310	 379
310	 398
310	 400
311	 321
311	 325
311	 347
311	 348
311	 359
311	 370
311	 372
311	 373
311	 391
312	 316
312	 319
312	 323
312	 333
312	 338
312	 342
312	 351
312	 368
312	 369
313	 324
313	 326
313	 337
313	 353
313	 366
313	 383
313	 384
313	 387
313	 393
313	 395
314	 315
314	 333
314	 334
314	 335
314	 340
314	 351
314	 362
314	 374
314	 379
314	 389
314	 396
314	 400
315	 321
315	 344
315	 356
315	 372
315	 373
315	 381
315	 383
315	 392
315	 393
316	 317
316	 338
316	 341
316	 350
316	 352
316	 359
316	 367
316	 377
316	 384
317	 323
317	 327
317	 330
317	 333
317	 340
317	 369
318	 322
318	 332
318	 335
318	 352
318	 353
318	 354
318	 359
319	 332
319	 344
319	 350
319	 360
319	 372
319	 391
319	 393
320	 337
320	 339
320	 344
320	 370
321	 335
321	 343
321	 346
321	 371
321	 394
321	 396
322	 326
322	 334
322	 396
322	 399
323	 345
323	 363
323	 377
324	 326
324	 351
324	 368
324	 389
324	 399
325	 326
325	 327
325	 333
325	 364
325	 368
325	 370
325	 389
325	 390
325	 394
325	 397
325	 399
325	 400
326	 329
326	 339
326	 344
326	 365
326	 372
326	 373
326	 384
326	 391
327	 328
327	 350
327	 367
327	 368
327	 378
327	 396
328	 334
328	 342
328	 355
328	 358
328	 361
328	 371
328	 375
328	 378
328	 394
328	 400
329	 330
329	 344
329	 351
329	 355
329	 358
329	 362
329	 379
329	 386
329	 390
329	 397
330	 341
330	 345
330	 350
330	 357
330	 365
330	 366
330	 372
330	 385
330	 387
330	 391
330	 393
330	 395
330	 397
331	 339
331	 340
331	 352
331	 358
331	 361
331	 362
331	 364
331	 374
331	 390
331	 394
331	 397
332	 334
332	 358
332	 369
332	 399
333	 336
333	 348
333	 352
333	 357
333	 358
333	 372
333	 377
333	 385
334	 336
334	 359
334	 365
334	 370
334	 377
334	 380
334	 384
334	 386
335	 350
335	 354
335	 370
335	 378
335	 382
335	 385
335	 392
335	 395
336	 338
336	 349
336	 356
336	 371
336	 387
336	 389
336	 396
336	 398
337	 364
337	 368
337	 374
337	 400
338	 339
338	 359
338	 373
338	 376
338	 378
338	 387
339	 342
339	 343
339	 352
339	 375
340	 347
340	 366
340	 367
340	 370
341	 346
341	 351
341	 364
341	 366
341	 369
341	 384
341	 396
342	 345
342	 353
342	 354
342	 357
342	 359
342	 363
342	 370
342	 386
343	 350
343	 351
343	 363
343	 383
343	 384
343	 385
344	 368
344	 375
344	 379
344	 386
344	 394
344	 400
345	 354
345	 355
345	 371
345	 375
345	 379
345	 383
345	 394
346	 353
346	 363
346	 365
346	 367
346	 371
346	 378
346	 380
346	 384
346	 388
346	 395
347	 362
347	 371
347	 374
348	 362
348	 389
348	 397
349	 373
349	 381
349	 383
349	 387
349	 395
350	 351
350	 355
350	 368
350	 369
350	 399
351	 352
351	 353
351	 363
351	 378
351	 382
351	 387
351	 395
352	 364
352	 368
352	 369
352	 375
352	 379
353	 374
353	 381
353	 396
353	 399
354	 383
354	 394
354	 399
355	 366
355	 369
355	 379
355	 385
356	 367
356	 372
356	 373
356	 376
356	 381
356	 382
357	 360
357	 362
357	 368
357	 380
358	 373
358	 377
358	 381
358	 387
358	 388
358	 391
359	 362
359	 364
359	 368
359	 371
359	 395
359	 397
359	 398
359	 400
360	 364
360	 380
360	 389
360	 394
361	 370
361	 376
361	 384
361	 388
361	 391
362	 363
362	 377
362	 386
362	 391
363	 374
363	 379
363	 397
364	 381
364	 385
364	 395
365	 369
365	 371
365	 379
365	 389
365	 400
366	 371
366	 379
366	 384
366	 399
367	 374
367	 394
368	 377
368	 381
368	 386
368	 391
368	 396
369	 377
369	 379
369	 381
369	 388
370	 389
370	 397
371	 372
371	 373
372	 375
372	 389
372	 394
372	 396
373	 375
373	 396
373	 399
373	 400
374	 376
374	 382
374	 391
374	 400
375	 385
375	 392
378	 396
378	 398
378	 399
379	 383
380	 399
381	 389
381	 390
381	 394
382	 397
382	 399
383	 394
384	 400
385	 389
385	 394
386	 398
386	 400
387	 394
387	 397
387	 398
387	 399
388	 394
388	 400
389	 391
389	 392
390	 393
390	 399
391	 396
391	 398
392	 398
392	 400
395	 398
;