n := 200;
B := 1134;
param : n c w:=
1	 13	 4
2	 125	 122
3	 36	 27
4	 54	 42
5	 21	 8
6	 60	 46
7	 34	 26
8	 55	 42
9	 191	 193
10	 61	 51
11	 41	 28
12	 24	 14
13	 27	 16
14	 92	 76
15	 180	 177
16	 174	 168
17	 4	 2
18	 139	 136
19	 183	 186
20	 99	 93
21	 62	 53
22	 64	 55
23	 94	 81
24	 193	 196
25	 175	 169
26	 27	 17
27	 85	 69
28	 12	 4
29	 186	 191
30	 199	 199
31	 21	 8
32	 137	 132
33	 3	 1
34	 163	 161
35	 185	 191
36	 177	 171
37	 94	 84
38	 135	 130
39	 88	 71
40	 98	 90
41	 63	 53
42	 134	 130
43	 73	 59
44	 44	 33
45	 184	 187
46	 91	 73
47	 118	 105
48	 109	 97
49	 118	 105
50	 191	 195
51	 149	 146
52	 188	 192
53	 79	 61
54	 130	 128
55	 122	 113
56	 70	 59
57	 88	 71
58	 173	 167
59	 144	 142
60	 191	 194
61	 185	 187
62	 127	 123
63	 128	 126
64	 138	 135
65	 98	 92
66	 49	 36
67	 146	 144
68	 96	 86
69	 29	 18
70	 115	 103
71	 197	 197
72	 2	 1
73	 97	 88
74	 143	 139
75	 37	 27
76	 84	 68
77	 150	 155
78	 100	 94
79	 103	 96
80	 162	 159
81	 36	 26
82	 102	 95
83	 111	 98
84	 122	 112
85	 174	 169
86	 148	 145
87	 83	 68
88	 100	 94
89	 181	 178
90	 54	 39
91	 34	 24
92	 132	 129
93	 99	 92
94	 64	 53
95	 136	 131
96	 23	 10
97	 43	 33
98	 94	 82
99	 123	 113
100	 162	 159
101	 100	 93
102	 167	 165
103	 175	 169
104	 128	 124
105	 47	 33
106	 126	 122
107	 115	 101
108	 58	 43
109	 119	 106
110	 60	 49
111	 183	 183
112	 86	 70
113	 132	 129
114	 63	 53
115	 91	 73
116	 174	 167
117	 81	 62
118	 79	 60
119	 82	 67
120	 130	 128
121	 4	 2
122	 80	 62
123	 30	 18
124	 142	 136
125	 41	 27
126	 94	 78
127	 23	 10
128	 146	 144
129	 62	 51
130	 1	 1
131	 102	 95
132	 154	 156
133	 169	 166
134	 62	 51
135	 162	 161
136	 24	 13
137	 144	 140
138	 48	 33
139	 114	 100
140	 95	 86
141	 67	 56
142	 180	 174
143	 26	 15
144	 95	 85
145	 180	 174
146	 152	 155
147	 7	 3
148	 10	 3
149	 58	 43
150	 142	 137
151	 31	 21
152	 88	 70
153	 182	 181
154	 20	 7
155	 181	 180
156	 6	 3
157	 59	 45
158	 177	 173
159	 67	 55
160	 199	 198
161	 25	 15
162	 60	 49
163	 180	 175
164	 93	 77
165	 60	 47
166	 141	 136
167	 34	 22
168	 92	 74
169	 41	 29
170	 52	 38
171	 120	 111
172	 181	 178
173	 160	 158
174	 83	 67
175	 132	 128
176	 179	 173
177	 183	 185
178	 125	 119
179	 165	 164
180	 137	 132
181	 106	 97
182	 161	 159
183	 153	 156
184	 149	 146
185	 97	 89
186	 23	 11
187	 86	 70
188	 156	 157
189	 147	 145
190	 106	 96
191	 5	 3
192	 14	 6
193	 54	 40
194	 193	 196
195	 41	 27
196	 167	 164
197	 27	 16
198	 194	 196
199	 15	 6
200	 111	 98
;
Edge List :=
 3	 1
3	 7
3	 8
3	 9
3	 10
3	 14
3	 15
3	 18
3	 20
3	 21
3	 23
3	 26
3	 27
3	 31
3	 37
3	 41
3	 42
3	 43
3	 47
3	 48
3	 49
3	 52
3	 54
3	 60
3	 63
3	 66
3	 69
3	 72
3	 74
3	 76
3	 77
3	 78
3	 87
3	 90
3	 91
3	 92
3	 95
3	 96
3	 97
3	 98
3	 99
3	 103
3	 104
3	 110
3	 111
3	 113
3	 115
3	 118
3	 119
3	 122
3	 126
3	 129
3	 132
3	 135
3	 136
3	 139
3	 141
3	 142
3	 143
3	 147
3	 148
3	 151
3	 152
3	 154
3	 157
3	 158
3	 160
3	 161
3	 163
3	 171
3	 172
3	 173
3	 174
3	 175
3	 178
3	 179
3	 180
3	 187
3	 188
3	 191
3	 195
2	 4
2	 5
2	 1
2	 8
2	 11
2	 14
2	 16
2	 19
2	 21
2	 27
2	 28
2	 32
2	 36
2	 37
2	 38
2	 39
2	 40
2	 41
2	 42
2	 46
2	 47
2	 50
2	 52
2	 53
2	 56
2	 57
2	 59
2	 60
2	 63
2	 68
2	 70
2	 71
2	 72
2	 74
2	 79
2	 80
2	 83
2	 85
2	 87
2	 88
2	 89
2	 92
2	 93
2	 95
2	 97
2	 99
2	 101
2	 108
2	 111
2	 112
2	 115
2	 118
2	 121
2	 124
2	 127
2	 130
2	 131
2	 132
2	 133
2	 135
2	 137
2	 147
2	 148
2	 150
2	 152
2	 154
2	 157
2	 158
2	 159
2	 160
2	 162
2	 163
2	 165
2	 167
2	 169
2	 170
2	 174
2	 175
2	 177
2	 178
2	 180
2	 182
2	 185
2	 186
2	 187
2	 189
2	 192
2	 193
2	 199
2	 200
4	 1
4	 12
4	 13
4	 14
4	 18
4	 26
4	 27
4	 28
4	 29
4	 31
4	 32
4	 37
4	 45
4	 47
4	 50
4	 57
4	 59
4	 60
4	 61
4	 64
4	 65
4	 66
4	 67
4	 69
4	 70
4	 76
4	 77
4	 84
4	 87
4	 88
4	 89
4	 91
4	 95
4	 97
4	 99
4	 103
4	 107
4	 109
4	 110
4	 118
4	 120
4	 123
4	 125
4	 131
4	 133
4	 134
4	 135
4	 136
4	 137
4	 143
4	 144
4	 146
4	 149
4	 150
4	 151
4	 154
4	 157
4	 158
4	 159
4	 161
4	 163
4	 168
4	 170
4	 172
4	 174
4	 175
4	 176
4	 180
4	 181
4	 184
4	 188
4	 189
4	 193
4	 195
4	 200
5	 7
5	 8
5	 13
5	 18
5	 20
5	 25
5	 26
5	 30
5	 31
5	 33
5	 34
5	 35
5	 39
5	 40
5	 42
5	 43
5	 45
5	 48
5	 49
5	 50
5	 53
5	 56
5	 61
5	 64
5	 67
5	 69
5	 82
5	 85
5	 87
5	 91
5	 92
5	 94
5	 97
5	 98
5	 100
5	 101
5	 102
5	 103
5	 104
5	 106
5	 107
5	 109
5	 110
5	 112
5	 113
5	 118
5	 123
5	 130
5	 133
5	 134
5	 136
5	 137
5	 142
5	 143
5	 144
5	 145
5	 148
5	 157
5	 159
5	 160
5	 162
5	 163
5	 167
5	 170
5	 171
5	 172
5	 174
5	 175
5	 176
5	 177
5	 183
5	 185
5	 186
5	 188
5	 190
5	 196
5	 198
1	 6
1	 15
1	 18
1	 21
1	 22
1	 23
1	 24
1	 26
1	 27
1	 31
1	 33
1	 36
1	 37
1	 39
1	 42
1	 46
1	 47
1	 48
1	 50
1	 53
1	 54
1	 56
1	 61
1	 67
1	 71
1	 75
1	 77
1	 78
1	 82
1	 83
1	 84
1	 86
1	 90
1	 93
1	 95
1	 97
1	 99
1	 107
1	 108
1	 110
1	 121
1	 122
1	 123
1	 130
1	 131
1	 132
1	 133
1	 135
1	 137
1	 140
1	 141
1	 142
1	 143
1	 145
1	 146
1	 147
1	 151
1	 152
1	 154
1	 156
1	 157
1	 158
1	 159
1	 161
1	 162
1	 164
1	 170
1	 172
1	 178
1	 181
1	 183
1	 185
1	 187
1	 190
1	 191
1	 193
1	 195
1	 196
1	 199
1	 200
6	 8
6	 10
6	 12
6	 13
6	 15
6	 16
6	 17
6	 19
6	 23
6	 27
6	 28
6	 30
6	 34
6	 35
6	 37
6	 38
6	 40
6	 42
6	 44
6	 46
6	 48
6	 50
6	 51
6	 57
6	 58
6	 60
6	 61
6	 62
6	 64
6	 69
6	 74
6	 76
6	 82
6	 84
6	 87
6	 88
6	 90
6	 93
6	 97
6	 102
6	 106
6	 107
6	 108
6	 111
6	 112
6	 113
6	 115
6	 121
6	 122
6	 123
6	 126
6	 128
6	 129
6	 131
6	 133
6	 137
6	 138
6	 139
6	 145
6	 146
6	 149
6	 150
6	 156
6	 157
6	 158
6	 165
6	 166
6	 168
6	 169
6	 170
6	 172
6	 173
6	 176
6	 177
6	 179
6	 181
6	 182
6	 183
6	 184
6	 185
6	 193
6	 196
6	 197
6	 199
7	 11
7	 12
7	 18
7	 21
7	 22
7	 28
7	 31
7	 37
7	 39
7	 41
7	 42
7	 43
7	 47
7	 59
7	 62
7	 67
7	 70
7	 74
7	 81
7	 84
7	 85
7	 88
7	 93
7	 95
7	 97
7	 100
7	 105
7	 108
7	 109
7	 110
7	 111
7	 114
7	 117
7	 118
7	 119
7	 120
7	 123
7	 124
7	 128
7	 130
7	 135
7	 136
7	 137
7	 139
7	 140
7	 141
7	 142
7	 147
7	 154
7	 158
7	 164
7	 166
7	 168
7	 170
7	 172
7	 176
7	 177
7	 178
7	 180
7	 181
7	 186
7	 189
7	 190
7	 195
7	 198
8	 9
8	 10
8	 11
8	 13
8	 14
8	 18
8	 19
8	 21
8	 26
8	 28
8	 29
8	 30
8	 31
8	 33
8	 35
8	 40
8	 41
8	 42
8	 45
8	 48
8	 49
8	 50
8	 51
8	 56
8	 62
8	 65
8	 70
8	 71
8	 74
8	 79
8	 80
8	 83
8	 85
8	 89
8	 90
8	 95
8	 96
8	 97
8	 98
8	 99
8	 105
8	 107
8	 108
8	 111
8	 112
8	 113
8	 116
8	 118
8	 119
8	 120
8	 121
8	 122
8	 126
8	 127
8	 129
8	 132
8	 134
8	 135
8	 138
8	 141
8	 143
8	 146
8	 152
8	 153
8	 155
8	 156
8	 157
8	 158
8	 160
8	 161
8	 164
8	 166
8	 168
8	 169
8	 170
8	 171
8	 172
8	 173
8	 174
8	 175
8	 177
8	 178
8	 181
8	 183
8	 186
8	 187
8	 188
8	 189
8	 194
8	 197
9	 10
9	 11
9	 13
9	 18
9	 22
9	 24
9	 30
9	 34
9	 37
9	 38
9	 44
9	 50
9	 51
9	 54
9	 61
9	 65
9	 66
9	 67
9	 68
9	 70
9	 72
9	 73
9	 76
9	 79
9	 81
9	 82
9	 84
9	 85
9	 87
9	 89
9	 98
9	 100
9	 101
9	 104
9	 105
9	 106
9	 107
9	 108
9	 110
9	 111
9	 112
9	 114
9	 116
9	 117
9	 118
9	 120
9	 121
9	 128
9	 131
9	 132
9	 133
9	 137
9	 138
9	 140
9	 143
9	 146
9	 147
9	 158
9	 163
9	 166
9	 167
9	 172
9	 175
9	 177
9	 183
9	 184
9	 187
9	 188
9	 194
9	 198
10	 13
10	 16
10	 17
10	 19
10	 20
10	 21
10	 24
10	 29
10	 30
10	 31
10	 33
10	 37
10	 38
10	 40
10	 41
10	 42
10	 43
10	 47
10	 48
10	 58
10	 63
10	 66
10	 70
10	 72
10	 75
10	 78
10	 80
10	 81
10	 82
10	 85
10	 87
10	 89
10	 91
10	 94
10	 96
10	 97
10	 99
10	 101
10	 102
10	 103
10	 104
10	 106
10	 108
10	 115
10	 116
10	 117
10	 118
10	 122
10	 123
10	 125
10	 128
10	 131
10	 133
10	 137
10	 139
10	 143
10	 149
10	 152
10	 153
10	 156
10	 157
10	 159
10	 163
10	 164
10	 169
10	 172
10	 177
10	 178
10	 185
10	 186
10	 190
10	 193
10	 197
11	 13
11	 15
11	 17
11	 19
11	 20
11	 23
11	 30
11	 32
11	 34
11	 40
11	 44
11	 48
11	 51
11	 53
11	 55
11	 58
11	 60
11	 62
11	 68
11	 70
11	 72
11	 77
11	 78
11	 79
11	 82
11	 83
11	 87
11	 89
11	 90
11	 93
11	 94
11	 97
11	 98
11	 100
11	 103
11	 106
11	 107
11	 109
11	 113
11	 115
11	 128
11	 129
11	 130
11	 132
11	 134
11	 135
11	 138
11	 144
11	 147
11	 153
11	 159
11	 165
11	 168
11	 170
11	 172
11	 173
11	 178
11	 182
11	 183
11	 188
11	 191
11	 193
11	 194
11	 198
12	 13
12	 16
12	 17
12	 19
12	 21
12	 26
12	 27
12	 30
12	 31
12	 32
12	 34
12	 40
12	 42
12	 44
12	 45
12	 50
12	 59
12	 61
12	 62
12	 64
12	 68
12	 71
12	 72
12	 73
12	 74
12	 81
12	 83
12	 85
12	 86
12	 88
12	 89
12	 90
12	 91
12	 92
12	 93
12	 96
12	 100
12	 105
12	 106
12	 111
12	 112
12	 114
12	 116
12	 117
12	 120
12	 122
12	 124
12	 126
12	 127
12	 134
12	 136
12	 138
12	 139
12	 145
12	 149
12	 150
12	 152
12	 154
12	 161
12	 163
12	 166
12	 167
12	 169
12	 170
12	 172
12	 175
12	 176
12	 177
12	 181
12	 182
12	 183
12	 185
12	 190
12	 191
12	 192
12	 196
12	 199
12	 200
13	 14
13	 15
13	 19
13	 20
13	 21
13	 23
13	 24
13	 32
13	 38
13	 40
13	 42
13	 45
13	 46
13	 49
13	 55
13	 57
13	 58
13	 59
13	 60
13	 61
13	 62
13	 63
13	 64
13	 65
13	 75
13	 76
13	 79
13	 82
13	 83
13	 84
13	 85
13	 86
13	 88
13	 90
13	 93
13	 95
13	 96
13	 97
13	 99
13	 102
13	 106
13	 107
13	 113
13	 114
13	 115
13	 118
13	 119
13	 121
13	 122
13	 123
13	 125
13	 126
13	 129
13	 132
13	 136
13	 143
13	 144
13	 146
13	 147
13	 151
13	 153
13	 154
13	 155
13	 156
13	 157
13	 160
13	 163
13	 167
13	 169
13	 170
13	 171
13	 174
13	 175
13	 177
13	 182
13	 183
13	 191
13	 193
13	 196
13	 199
14	 16
14	 17
14	 20
14	 29
14	 33
14	 34
14	 35
14	 37
14	 38
14	 43
14	 44
14	 45
14	 47
14	 48
14	 49
14	 50
14	 53
14	 54
14	 55
14	 56
14	 57
14	 58
14	 59
14	 60
14	 61
14	 63
14	 65
14	 71
14	 74
14	 76
14	 85
14	 86
14	 87
14	 91
14	 96
14	 97
14	 98
14	 99
14	 101
14	 105
14	 107
14	 108
14	 113
14	 116
14	 120
14	 122
14	 126
14	 127
14	 128
14	 132
14	 133
14	 135
14	 138
14	 140
14	 141
14	 142
14	 145
14	 148
14	 149
14	 151
14	 152
14	 153
14	 155
14	 166
14	 170
14	 174
14	 176
14	 178
14	 179
14	 183
14	 186
14	 190
14	 191
14	 193
14	 195
14	 197
14	 198
14	 199
15	 16
15	 22
15	 23
15	 24
15	 25
15	 26
15	 28
15	 30
15	 37
15	 38
15	 42
15	 44
15	 47
15	 51
15	 54
15	 58
15	 59
15	 62
15	 63
15	 65
15	 70
15	 74
15	 76
15	 78
15	 79
15	 82
15	 83
15	 84
15	 85
15	 87
15	 89
15	 90
15	 94
15	 96
15	 99
15	 100
15	 101
15	 102
15	 103
15	 104
15	 110
15	 115
15	 118
15	 120
15	 121
15	 123
15	 128
15	 130
15	 135
15	 138
15	 139
15	 141
15	 147
15	 148
15	 151
15	 155
15	 159
15	 160
15	 161
15	 163
15	 164
15	 169
15	 171
15	 173
15	 175
15	 177
15	 179
15	 181
15	 185
15	 188
15	 190
15	 191
15	 198
15	 199
15	 200
16	 17
16	 20
16	 23
16	 24
16	 26
16	 28
16	 30
16	 33
16	 35
16	 36
16	 37
16	 38
16	 39
16	 40
16	 43
16	 44
16	 47
16	 48
16	 49
16	 53
16	 59
16	 60
16	 66
16	 67
16	 72
16	 78
16	 80
16	 84
16	 94
16	 96
16	 99
16	 104
16	 107
16	 110
16	 112
16	 113
16	 117
16	 118
16	 119
16	 120
16	 129
16	 139
16	 140
16	 145
16	 146
16	 149
16	 150
16	 152
16	 153
16	 156
16	 159
16	 163
16	 168
16	 169
16	 171
16	 174
16	 175
16	 177
16	 178
16	 181
16	 183
16	 186
16	 192
16	 193
16	 195
16	 196
16	 197
17	 19
17	 21
17	 25
17	 26
17	 29
17	 31
17	 33
17	 35
17	 39
17	 40
17	 44
17	 47
17	 49
17	 51
17	 54
17	 64
17	 67
17	 69
17	 72
17	 74
17	 77
17	 78
17	 79
17	 82
17	 83
17	 84
17	 94
17	 98
17	 99
17	 100
17	 103
17	 105
17	 106
17	 107
17	 108
17	 111
17	 120
17	 123
17	 124
17	 126
17	 131
17	 133
17	 136
17	 139
17	 140
17	 141
17	 142
17	 143
17	 147
17	 149
17	 150
17	 153
17	 157
17	 158
17	 160
17	 161
17	 162
17	 164
17	 165
17	 168
17	 169
17	 172
17	 173
17	 178
17	 180
17	 181
17	 185
17	 186
17	 187
17	 188
17	 194
17	 197
18	 19
18	 21
18	 25
18	 26
18	 29
18	 30
18	 36
18	 38
18	 41
18	 43
18	 45
18	 48
18	 50
18	 55
18	 56
18	 60
18	 66
18	 68
18	 72
18	 73
18	 78
18	 81
18	 82
18	 84
18	 87
18	 91
18	 94
18	 97
18	 98
18	 99
18	 107
18	 108
18	 109
18	 111
18	 115
18	 119
18	 121
18	 123
18	 129
18	 132
18	 133
18	 134
18	 137
18	 141
18	 143
18	 149
18	 153
18	 154
18	 156
18	 157
18	 161
18	 164
18	 173
18	 174
18	 175
18	 180
18	 184
18	 186
18	 189
18	 191
18	 193
18	 194
18	 196
18	 199
19	 21
19	 22
19	 23
19	 24
19	 25
19	 26
19	 35
19	 38
19	 39
19	 41
19	 46
19	 49
19	 57
19	 59
19	 61
19	 65
19	 67
19	 68
19	 71
19	 73
19	 75
19	 78
19	 79
19	 80
19	 82
19	 83
19	 88
19	 89
19	 90
19	 92
19	 93
19	 98
19	 100
19	 101
19	 102
19	 104
19	 106
19	 107
19	 108
19	 111
19	 115
19	 116
19	 118
19	 120
19	 121
19	 125
19	 128
19	 131
19	 133
19	 136
19	 142
19	 145
19	 146
19	 149
19	 150
19	 151
19	 155
19	 160
19	 167
19	 173
19	 175
19	 176
19	 177
19	 179
19	 183
19	 186
19	 189
19	 190
19	 193
19	 196
19	 197
19	 200
20	 24
20	 25
20	 27
20	 28
20	 31
20	 34
20	 36
20	 37
20	 39
20	 41
20	 44
20	 45
20	 51
20	 52
20	 58
20	 60
20	 62
20	 67
20	 68
20	 71
20	 74
20	 78
20	 80
20	 82
20	 83
20	 89
20	 90
20	 91
20	 92
20	 93
20	 96
20	 98
20	 102
20	 104
20	 109
20	 118
20	 123
20	 125
20	 133
20	 134
20	 135
20	 136
20	 137
20	 144
20	 149
20	 151
20	 152
20	 158
20	 160
20	 161
20	 162
20	 165
20	 167
20	 170
20	 171
20	 172
20	 175
20	 176
20	 179
20	 181
20	 183
20	 184
20	 186
20	 188
20	 192
21	 23
21	 26
21	 28
21	 29
21	 30
21	 33
21	 34
21	 37
21	 39
21	 40
21	 42
21	 44
21	 45
21	 46
21	 49
21	 55
21	 60
21	 72
21	 73
21	 79
21	 81
21	 82
21	 84
21	 86
21	 93
21	 95
21	 97
21	 98
21	 100
21	 103
21	 104
21	 105
21	 110
21	 111
21	 115
21	 116
21	 117
21	 124
21	 126
21	 131
21	 140
21	 143
21	 146
21	 147
21	 149
21	 154
21	 162
21	 164
21	 165
21	 166
21	 169
21	 170
21	 171
21	 172
21	 173
21	 181
21	 182
21	 192
21	 193
21	 197
22	 23
22	 27
22	 30
22	 31
22	 35
22	 36
22	 38
22	 42
22	 48
22	 54
22	 58
22	 59
22	 64
22	 65
22	 66
22	 70
22	 71
22	 72
22	 74
22	 75
22	 77
22	 78
22	 79
22	 80
22	 81
22	 82
22	 83
22	 86
22	 88
22	 93
22	 94
22	 97
22	 98
22	 100
22	 103
22	 106
22	 109
22	 110
22	 113
22	 116
22	 119
22	 121
22	 124
22	 128
22	 130
22	 131
22	 132
22	 133
22	 135
22	 137
22	 143
22	 147
22	 151
22	 152
22	 155
22	 156
22	 161
22	 162
22	 164
22	 166
22	 167
22	 168
22	 169
22	 173
22	 183
22	 184
22	 186
22	 187
22	 192
22	 194
22	 196
22	 197
22	 200
23	 27
23	 30
23	 32
23	 36
23	 37
23	 39
23	 40
23	 41
23	 43
23	 48
23	 49
23	 50
23	 52
23	 53
23	 54
23	 55
23	 57
23	 59
23	 60
23	 64
23	 67
23	 68
23	 70
23	 73
23	 74
23	 76
23	 82
23	 89
23	 91
23	 94
23	 96
23	 98
23	 99
23	 101
23	 102
23	 103
23	 104
23	 106
23	 111
23	 116
23	 117
23	 118
23	 119
23	 122
23	 124
23	 126
23	 134
23	 136
23	 137
23	 139
23	 140
23	 141
23	 143
23	 144
23	 145
23	 149
23	 151
23	 152
23	 156
23	 164
23	 165
23	 167
23	 169
23	 177
23	 178
23	 179
23	 185
23	 188
23	 189
23	 190
23	 191
23	 197
23	 199
23	 200
24	 26
24	 27
24	 30
24	 32
24	 36
24	 38
24	 39
24	 41
24	 43
24	 44
24	 45
24	 48
24	 51
24	 53
24	 55
24	 60
24	 65
24	 66
24	 71
24	 72
24	 75
24	 76
24	 79
24	 82
24	 83
24	 87
24	 88
24	 89
24	 92
24	 93
24	 95
24	 96
24	 97
24	 98
24	 99
24	 102
24	 103
24	 104
24	 107
24	 109
24	 110
24	 112
24	 115
24	 116
24	 117
24	 119
24	 120
24	 124
24	 125
24	 128
24	 133
24	 134
24	 139
24	 141
24	 142
24	 144
24	 152
24	 153
24	 164
24	 169
24	 170
24	 171
24	 177
24	 178
24	 179
24	 180
24	 182
24	 183
24	 185
24	 187
24	 188
24	 192
24	 193
24	 194
24	 196
24	 197
24	 199
24	 200
25	 27
25	 31
25	 33
25	 35
25	 36
25	 37
25	 38
25	 39
25	 41
25	 44
25	 46
25	 47
25	 51
25	 56
25	 58
25	 63
25	 67
25	 71
25	 76
25	 77
25	 78
25	 80
25	 82
25	 83
25	 89
25	 95
25	 96
25	 100
25	 101
25	 103
25	 105
25	 108
25	 111
25	 113
25	 115
25	 118
25	 119
25	 121
25	 129
25	 130
25	 131
25	 132
25	 133
25	 137
25	 145
25	 149
25	 157
25	 158
25	 162
25	 165
25	 166
25	 167
25	 171
25	 172
25	 178
25	 181
25	 182
25	 183
25	 184
25	 187
25	 190
25	 192
25	 193
25	 196
25	 198
25	 199
25	 200
26	 32
26	 34
26	 38
26	 39
26	 40
26	 43
26	 44
26	 48
26	 50
26	 51
26	 52
26	 58
26	 59
26	 64
26	 70
26	 75
26	 76
26	 77
26	 82
26	 84
26	 93
26	 94
26	 96
26	 98
26	 99
26	 100
26	 105
26	 114
26	 117
26	 118
26	 119
26	 122
26	 124
26	 127
26	 131
26	 132
26	 133
26	 135
26	 137
26	 139
26	 144
26	 147
26	 159
26	 160
26	 164
26	 167
26	 168
26	 169
26	 171
26	 174
26	 183
26	 185
26	 186
26	 187
26	 189
26	 194
26	 195
26	 197
26	 199
27	 28
27	 30
27	 31
27	 33
27	 34
27	 36
27	 38
27	 42
27	 43
27	 51
27	 52
27	 53
27	 56
27	 59
27	 66
27	 70
27	 72
27	 73
27	 74
27	 78
27	 79
27	 80
27	 81
27	 82
27	 85
27	 86
27	 87
27	 89
27	 92
27	 93
27	 95
27	 97
27	 102
27	 105
27	 106
27	 108
27	 111
27	 113
27	 114
27	 117
27	 118
27	 121
27	 122
27	 128
27	 130
27	 133
27	 140
27	 141
27	 142
27	 145
27	 146
27	 147
27	 150
27	 154
27	 157
27	 165
27	 169
27	 171
27	 172
27	 179
27	 180
27	 182
27	 189
27	 190
27	 192
27	 194
27	 197
27	 199
28	 29
28	 33
28	 38
28	 40
28	 43
28	 44
28	 47
28	 48
28	 49
28	 50
28	 52
28	 54
28	 55
28	 57
28	 58
28	 59
28	 63
28	 64
28	 66
28	 69
28	 70
28	 75
28	 80
28	 84
28	 86
28	 90
28	 92
28	 95
28	 96
28	 98
28	 99
28	 107
28	 109
28	 111
28	 113
28	 115
28	 117
28	 119
28	 120
28	 126
28	 127
28	 137
28	 139
28	 147
28	 156
28	 157
28	 161
28	 164
28	 165
28	 173
28	 175
28	 176
28	 177
28	 178
28	 184
28	 186
28	 192
28	 194
28	 195
28	 196
28	 197
29	 32
29	 33
29	 40
29	 41
29	 45
29	 50
29	 53
29	 54
29	 55
29	 56
29	 59
29	 61
29	 64
29	 65
29	 66
29	 68
29	 69
29	 71
29	 72
29	 76
29	 80
29	 81
29	 86
29	 87
29	 88
29	 92
29	 95
29	 96
29	 99
29	 100
29	 103
29	 105
29	 106
29	 108
29	 110
29	 111
29	 112
29	 114
29	 116
29	 120
29	 121
29	 128
29	 132
29	 136
29	 138
29	 139
29	 140
29	 141
29	 151
29	 152
29	 154
29	 156
29	 160
29	 162
29	 165
29	 167
29	 170
29	 171
29	 174
29	 176
29	 177
29	 181
29	 182
29	 187
29	 190
29	 192
29	 195
29	 196
29	 197
29	 199
30	 31
30	 32
30	 34
30	 38
30	 39
30	 43
30	 44
30	 46
30	 48
30	 49
30	 53
30	 58
30	 59
30	 62
30	 67
30	 69
30	 70
30	 73
30	 74
30	 76
30	 79
30	 81
30	 82
30	 86
30	 90
30	 91
30	 93
30	 95
30	 97
30	 100
30	 108
30	 110
30	 115
30	 120
30	 121
30	 124
30	 129
30	 130
30	 132
30	 133
30	 134
30	 139
30	 141
30	 144
30	 145
30	 148
30	 149
30	 153
30	 155
30	 156
30	 157
30	 159
30	 161
30	 162
30	 165
30	 166
30	 170
30	 171
30	 177
30	 178
30	 179
30	 181
30	 182
30	 187
30	 188
30	 189
30	 195
30	 197
30	 198
30	 200
31	 34
31	 36
31	 42
31	 43
31	 48
31	 56
31	 60
31	 62
31	 63
31	 65
31	 69
31	 70
31	 71
31	 73
31	 80
31	 81
31	 83
31	 85
31	 87
31	 88
31	 90
31	 93
31	 97
31	 98
31	 100
31	 103
31	 107
31	 108
31	 110
31	 111
31	 112
31	 115
31	 118
31	 119
31	 122
31	 125
31	 128
31	 129
31	 133
31	 137
31	 151
31	 152
31	 154
31	 156
31	 159
31	 161
31	 164
31	 165
31	 171
31	 173
31	 174
31	 177
31	 178
31	 180
31	 181
31	 185
31	 186
31	 189
31	 190
32	 39
32	 42
32	 43
32	 46
32	 47
32	 49
32	 52
32	 54
32	 57
32	 59
32	 60
32	 62
32	 63
32	 66
32	 69
32	 71
32	 73
32	 76
32	 78
32	 83
32	 90
32	 94
32	 95
32	 98
32	 99
32	 102
32	 106
32	 107
32	 108
32	 112
32	 113
32	 116
32	 118
32	 119
32	 120
32	 123
32	 125
32	 131
32	 133
32	 134
32	 138
32	 139
32	 140
32	 141
32	 144
32	 145
32	 148
32	 150
32	 151
32	 154
32	 156
32	 157
32	 158
32	 161
32	 163
32	 164
32	 165
32	 167
32	 173
32	 176
32	 182
32	 184
32	 186
32	 188
32	 189
32	 194
32	 196
32	 197
32	 198
33	 35
33	 37
33	 39
33	 42
33	 46
33	 47
33	 48
33	 50
33	 51
33	 52
33	 53
33	 54
33	 55
33	 56
33	 60
33	 63
33	 64
33	 67
33	 70
33	 73
33	 77
33	 85
33	 86
33	 89
33	 90
33	 93
33	 96
33	 97
33	 98
33	 102
33	 103
33	 107
33	 108
33	 111
33	 114
33	 115
33	 117
33	 118
33	 120
33	 121
33	 124
33	 125
33	 127
33	 128
33	 130
33	 131
33	 138
33	 139
33	 146
33	 148
33	 149
33	 155
33	 158
33	 159
33	 160
33	 169
33	 172
33	 177
33	 182
33	 183
33	 185
33	 190
33	 191
33	 194
33	 195
33	 198
33	 200
34	 35
34	 36
34	 38
34	 43
34	 44
34	 46
34	 49
34	 52
34	 53
34	 54
34	 57
34	 60
34	 61
34	 62
34	 63
34	 66
34	 67
34	 68
34	 71
34	 73
34	 74
34	 75
34	 78
34	 83
34	 84
34	 86
34	 88
34	 89
34	 100
34	 105
34	 106
34	 109
34	 110
34	 111
34	 114
34	 115
34	 116
34	 118
34	 124
34	 125
34	 126
34	 131
34	 143
34	 144
34	 146
34	 149
34	 150
34	 152
34	 154
34	 155
34	 160
34	 161
34	 166
34	 167
34	 169
34	 170
34	 174
34	 176
34	 177
34	 178
34	 180
34	 182
34	 183
34	 184
34	 185
34	 196
34	 199
34	 200
35	 39
35	 43
35	 47
35	 51
35	 53
35	 55
35	 57
35	 61
35	 63
35	 69
35	 71
35	 72
35	 74
35	 75
35	 84
35	 86
35	 89
35	 91
35	 94
35	 95
35	 96
35	 97
35	 98
35	 99
35	 101
35	 102
35	 103
35	 104
35	 105
35	 108
35	 110
35	 112
35	 114
35	 115
35	 117
35	 118
35	 119
35	 123
35	 124
35	 126
35	 128
35	 130
35	 132
35	 134
35	 136
35	 141
35	 143
35	 147
35	 148
35	 149
35	 150
35	 152
35	 153
35	 154
35	 156
35	 158
35	 160
35	 161
35	 163
35	 169
35	 171
35	 172
35	 180
35	 183
35	 184
35	 188
35	 190
35	 191
35	 192
35	 193
35	 195
35	 197
35	 198
35	 199
36	 39
36	 45
36	 48
36	 53
36	 54
36	 60
36	 61
36	 64
36	 65
36	 67
36	 68
36	 69
36	 76
36	 78
36	 79
36	 81
36	 82
36	 87
36	 90
36	 91
36	 102
36	 103
36	 105
36	 106
36	 107
36	 110
36	 111
36	 112
36	 115
36	 121
36	 124
36	 127
36	 131
36	 133
36	 134
36	 136
36	 138
36	 139
36	 142
36	 145
36	 146
36	 147
36	 148
36	 149
36	 150
36	 162
36	 163
36	 164
36	 166
36	 174
36	 177
36	 180
36	 184
36	 186
36	 190
36	 192
36	 193
36	 194
36	 198
36	 200
37	 38
37	 39
37	 43
37	 44
37	 45
37	 46
37	 47
37	 53
37	 55
37	 58
37	 64
37	 66
37	 67
37	 70
37	 71
37	 75
37	 76
37	 81
37	 83
37	 86
37	 88
37	 89
37	 91
37	 92
37	 93
37	 104
37	 106
37	 111
37	 112
37	 114
37	 116
37	 120
37	 121
37	 124
37	 126
37	 128
37	 130
37	 132
37	 133
37	 135
37	 136
37	 137
37	 140
37	 144
37	 147
37	 149
37	 150
37	 151
37	 154
37	 156
37	 158
37	 162
37	 165
37	 166
37	 167
37	 170
37	 172
37	 174
37	 178
37	 182
37	 185
37	 186
37	 188
37	 190
37	 191
37	 194
38	 50
38	 51
38	 52
38	 55
38	 59
38	 60
38	 62
38	 66
38	 67
38	 72
38	 75
38	 77
38	 79
38	 80
38	 81
38	 82
38	 86
38	 90
38	 92
38	 93
38	 94
38	 96
38	 102
38	 105
38	 106
38	 111
38	 114
38	 117
38	 119
38	 125
38	 127
38	 129
38	 131
38	 132
38	 133
38	 134
38	 136
38	 137
38	 141
38	 142
38	 143
38	 149
38	 150
38	 153
38	 156
38	 157
38	 159
38	 160
38	 163
38	 167
38	 170
38	 171
38	 172
38	 174
38	 177
38	 179
38	 180
38	 181
38	 183
38	 184
38	 185
38	 188
38	 189
38	 191
38	 192
38	 193
38	 194
38	 196
38	 197
38	 198
39	 40
39	 52
39	 62
39	 63
39	 64
39	 66
39	 67
39	 70
39	 73
39	 77
39	 78
39	 79
39	 84
39	 90
39	 96
39	 97
39	 103
39	 108
39	 109
39	 116
39	 120
39	 121
39	 127
39	 129
39	 130
39	 131
39	 134
39	 136
39	 137
39	 138
39	 139
39	 141
39	 148
39	 150
39	 155
39	 158
39	 159
39	 160
39	 164
39	 168
39	 169
39	 171
39	 172
39	 174
39	 175
39	 178
39	 179
39	 180
39	 184
39	 185
39	 186
39	 188
39	 190
39	 193
39	 196
39	 197
39	 200
40	 46
40	 49
40	 50
40	 51
40	 56
40	 58
40	 60
40	 61
40	 62
40	 64
40	 66
40	 67
40	 70
40	 73
40	 74
40	 75
40	 76
40	 77
40	 79
40	 88
40	 89
40	 91
40	 97
40	 99
40	 102
40	 107
40	 108
40	 109
40	 110
40	 111
40	 112
40	 113
40	 114
40	 116
40	 117
40	 118
40	 121
40	 122
40	 123
40	 125
40	 126
40	 129
40	 130
40	 133
40	 135
40	 137
40	 138
40	 143
40	 144
40	 147
40	 149
40	 153
40	 156
40	 159
40	 160
40	 162
40	 163
40	 168
40	 169
40	 170
40	 172
40	 176
40	 179
40	 180
40	 182
40	 185
40	 187
40	 189
40	 190
40	 191
40	 192
40	 194
40	 196
40	 197
40	 198
40	 200
41	 42
41	 51
41	 54
41	 56
41	 57
41	 61
41	 63
41	 64
41	 65
41	 66
41	 69
41	 72
41	 74
41	 75
41	 81
41	 89
41	 93
41	 94
41	 95
41	 96
41	 97
41	 99
41	 101
41	 104
41	 106
41	 107
41	 108
41	 110
41	 113
41	 114
41	 123
41	 124
41	 127
41	 130
41	 131
41	 133
41	 136
41	 137
41	 140
41	 143
41	 144
41	 145
41	 146
41	 150
41	 152
41	 153
41	 158
41	 160
41	 161
41	 162
41	 163
41	 165
41	 167
41	 169
41	 173
41	 175
41	 177
41	 181
41	 186
41	 195
42	 45
42	 47
42	 50
42	 55
42	 56
42	 58
42	 61
42	 63
42	 64
42	 66
42	 68
42	 69
42	 71
42	 72
42	 74
42	 76
42	 77
42	 87
42	 88
42	 89
42	 92
42	 95
42	 96
42	 102
42	 104
42	 105
42	 108
42	 109
42	 110
42	 113
42	 118
42	 120
42	 123
42	 124
42	 125
42	 126
42	 132
42	 139
42	 141
42	 142
42	 144
42	 153
42	 156
42	 157
42	 158
42	 160
42	 162
42	 164
42	 166
42	 168
42	 170
42	 175
42	 178
42	 179
42	 187
42	 191
42	 194
42	 195
42	 198
42	 200
43	 44
43	 45
43	 47
43	 48
43	 50
43	 51
43	 52
43	 53
43	 56
43	 59
43	 60
43	 62
43	 67
43	 70
43	 72
43	 76
43	 77
43	 80
43	 81
43	 82
43	 83
43	 84
43	 87
43	 90
43	 91
43	 93
43	 95
43	 97
43	 98
43	 100
43	 101
43	 105
43	 107
43	 108
43	 113
43	 117
43	 120
43	 122
43	 125
43	 130
43	 132
43	 141
43	 142
43	 143
43	 144
43	 145
43	 146
43	 147
43	 148
43	 149
43	 152
43	 154
43	 155
43	 158
43	 160
43	 161
43	 167
43	 171
43	 172
43	 175
43	 177
43	 179
43	 180
43	 181
43	 185
43	 186
43	 188
43	 190
43	 194
43	 195
43	 196
44	 53
44	 56
44	 57
44	 58
44	 61
44	 64
44	 65
44	 68
44	 69
44	 70
44	 71
44	 72
44	 73
44	 75
44	 76
44	 77
44	 78
44	 79
44	 80
44	 82
44	 85
44	 87
44	 92
44	 95
44	 96
44	 97
44	 98
44	 102
44	 104
44	 105
44	 106
44	 107
44	 111
44	 112
44	 114
44	 116
44	 126
44	 128
44	 130
44	 133
44	 134
44	 135
44	 139
44	 142
44	 143
44	 145
44	 146
44	 147
44	 149
44	 150
44	 152
44	 154
44	 159
44	 161
44	 162
44	 164
44	 165
44	 166
44	 167
44	 169
44	 172
44	 176
44	 177
44	 178
44	 181
44	 189
44	 193
44	 196
44	 199
44	 200
45	 46
45	 55
45	 56
45	 63
45	 64
45	 65
45	 68
45	 70
45	 71
45	 76
45	 77
45	 78
45	 79
45	 80
45	 81
45	 83
45	 85
45	 90
45	 94
45	 95
45	 96
45	 97
45	 98
45	 99
45	 101
45	 103
45	 106
45	 108
45	 109
45	 110
45	 111
45	 112
45	 113
45	 119
45	 129
45	 132
45	 133
45	 134
45	 137
45	 141
45	 143
45	 145
45	 146
45	 153
45	 154
45	 158
45	 159
45	 161
45	 165
45	 167
45	 168
45	 169
45	 170
45	 177
45	 178
45	 182
45	 183
45	 184
45	 187
45	 188
45	 189
45	 190
45	 191
45	 198
46	 49
46	 51
46	 54
46	 58
46	 60
46	 62
46	 64
46	 66
46	 72
46	 77
46	 82
46	 83
46	 87
46	 88
46	 91
46	 93
46	 94
46	 97
46	 106
46	 109
46	 116
46	 118
46	 119
46	 121
46	 122
46	 123
46	 125
46	 127
46	 129
46	 130
46	 131
46	 133
46	 134
46	 135
46	 138
46	 142
46	 145
46	 150
46	 152
46	 154
46	 157
46	 158
46	 159
46	 160
46	 161
46	 164
46	 168
46	 171
46	 172
46	 173
46	 175
46	 176
46	 177
46	 178
46	 179
46	 182
46	 183
46	 192
46	 193
46	 194
46	 198
47	 50
47	 51
47	 52
47	 53
47	 54
47	 57
47	 58
47	 64
47	 68
47	 69
47	 70
47	 72
47	 73
47	 81
47	 84
47	 90
47	 91
47	 95
47	 97
47	 100
47	 103
47	 112
47	 114
47	 116
47	 117
47	 118
47	 121
47	 122
47	 124
47	 130
47	 134
47	 136
47	 138
47	 141
47	 144
47	 145
47	 148
47	 150
47	 151
47	 152
47	 155
47	 159
47	 166
47	 168
47	 169
47	 171
47	 172
47	 177
47	 178
47	 179
47	 180
47	 183
47	 185
47	 186
47	 190
47	 191
47	 193
47	 195
47	 197
47	 198
48	 49
48	 52
48	 53
48	 58
48	 65
48	 69
48	 71
48	 72
48	 75
48	 76
48	 79
48	 81
48	 85
48	 89
48	 91
48	 93
48	 95
48	 96
48	 104
48	 110
48	 111
48	 112
48	 118
48	 119
48	 122
48	 124
48	 125
48	 128
48	 130
48	 132
48	 135
48	 137
48	 138
48	 139
48	 140
48	 141
48	 143
48	 144
48	 146
48	 148
48	 156
48	 162
48	 167
48	 168
48	 170
48	 171
48	 172
48	 175
48	 176
48	 177
48	 187
48	 188
48	 193
48	 196
48	 197
48	 199
49	 51
49	 52
49	 53
49	 56
49	 58
49	 59
49	 61
49	 70
49	 78
49	 79
49	 83
49	 84
49	 85
49	 89
49	 90
49	 94
49	 98
49	 100
49	 101
49	 102
49	 104
49	 106
49	 108
49	 109
49	 110
49	 114
49	 117
49	 118
49	 119
49	 120
49	 124
49	 126
49	 127
49	 129
49	 132
49	 139
49	 143
49	 144
49	 145
49	 147
49	 148
49	 153
49	 154
49	 161
49	 162
49	 166
49	 169
49	 171
49	 173
49	 175
49	 176
49	 179
49	 180
49	 183
49	 184
49	 185
49	 186
49	 188
49	 190
49	 191
49	 194
49	 196
49	 197
50	 51
50	 52
50	 54
50	 57
50	 59
50	 62
50	 63
50	 65
50	 67
50	 71
50	 75
50	 77
50	 78
50	 79
50	 87
50	 92
50	 93
50	 100
50	 102
50	 103
50	 105
50	 106
50	 109
50	 116
50	 118
50	 122
50	 123
50	 124
50	 126
50	 128
50	 129
50	 130
50	 131
50	 132
50	 135
50	 136
50	 137
50	 142
50	 150
50	 152
50	 153
50	 157
50	 158
50	 159
50	 160
50	 162
50	 164
50	 171
50	 173
50	 175
50	 181
50	 182
50	 183
50	 186
50	 190
50	 197
50	 198
51	 55
51	 58
51	 59
51	 64
51	 71
51	 74
51	 75
51	 79
51	 82
51	 84
51	 85
51	 86
51	 88
51	 92
51	 95
51	 96
51	 99
51	 100
51	 102
51	 103
51	 104
51	 105
51	 108
51	 112
51	 113
51	 114
51	 116
51	 121
51	 126
51	 128
51	 130
51	 134
51	 137
51	 142
51	 143
51	 144
51	 149
51	 156
51	 158
51	 159
51	 160
51	 162
51	 163
51	 167
51	 170
51	 172
51	 174
51	 179
51	 181
51	 182
51	 192
51	 194
51	 200
52	 53
52	 58
52	 65
52	 66
52	 67
52	 70
52	 71
52	 73
52	 75
52	 76
52	 78
52	 79
52	 81
52	 83
52	 85
52	 88
52	 89
52	 93
52	 96
52	 104
52	 109
52	 112
52	 113
52	 114
52	 115
52	 117
52	 118
52	 120
52	 121
52	 123
52	 125
52	 126
52	 128
52	 130
52	 133
52	 134
52	 135
52	 136
52	 138
52	 142
52	 143
52	 147
52	 149
52	 150
52	 151
52	 155
52	 156
52	 157
52	 160
52	 161
52	 162
52	 168
52	 171
52	 174
52	 178
52	 188
52	 191
52	 192
52	 195
52	 197
52	 199
53	 54
53	 56
53	 57
53	 58
53	 59
53	 63
53	 69
53	 71
53	 73
53	 75
53	 76
53	 78
53	 81
53	 82
53	 84
53	 85
53	 87
53	 88
53	 89
53	 90
53	 91
53	 93
53	 96
53	 98
53	 99
53	 100
53	 103
53	 106
53	 114
53	 115
53	 116
53	 124
53	 125
53	 127
53	 131
53	 133
53	 134
53	 135
53	 136
53	 141
53	 144
53	 145
53	 148
53	 150
53	 152
53	 153
53	 157
53	 159
53	 160
53	 162
53	 163
53	 164
53	 166
53	 168
53	 170
53	 177
53	 178
53	 179
53	 183
53	 184
53	 188
53	 189
53	 192
53	 196
54	 56
54	 60
54	 63
54	 64
54	 66
54	 67
54	 70
54	 71
54	 72
54	 74
54	 77
54	 78
54	 84
54	 90
54	 92
54	 96
54	 99
54	 100
54	 102
54	 106
54	 109
54	 111
54	 113
54	 119
54	 120
54	 122
54	 124
54	 125
54	 126
54	 129
54	 130
54	 131
54	 132
54	 133
54	 134
54	 136
54	 137
54	 141
54	 143
54	 144
54	 145
54	 150
54	 151
54	 153
54	 156
54	 159
54	 163
54	 169
54	 170
54	 171
54	 173
54	 174
54	 176
54	 177
54	 178
54	 180
54	 183
54	 198
55	 58
55	 64
55	 65
55	 66
55	 68
55	 69
55	 74
55	 75
55	 79
55	 81
55	 82
55	 83
55	 84
55	 85
55	 89
55	 90
55	 91
55	 93
55	 96
55	 97
55	 98
55	 101
55	 109
55	 119
55	 120
55	 122
55	 127
55	 128
55	 129
55	 132
55	 133
55	 134
55	 135
55	 141
55	 145
55	 146
55	 147
55	 148
55	 149
55	 150
55	 152
55	 154
55	 157
55	 158
55	 159
55	 160
55	 161
55	 162
55	 163
55	 164
55	 166
55	 167
55	 170
55	 171
55	 175
55	 176
55	 184
55	 185
55	 186
55	 188
55	 190
55	 195
55	 196
55	 197
55	 198
55	 199
56	 61
56	 62
56	 63
56	 71
56	 72
56	 74
56	 75
56	 79
56	 82
56	 83
56	 88
56	 90
56	 91
56	 95
56	 97
56	 98
56	 99
56	 102
56	 107
56	 115
56	 122
56	 126
56	 128
56	 129
56	 131
56	 133
56	 138
56	 146
56	 147
56	 150
56	 155
56	 157
56	 158
56	 163
56	 166
56	 167
56	 168
56	 171
56	 173
56	 174
56	 176
56	 177
56	 178
56	 180
56	 182
56	 186
56	 192
56	 194
56	 195
56	 196
56	 197
56	 198
57	 58
57	 67
57	 75
57	 76
57	 77
57	 80
57	 84
57	 85
57	 91
57	 94
57	 97
57	 98
57	 99
57	 100
57	 102
57	 103
57	 104
57	 105
57	 109
57	 110
57	 111
57	 112
57	 114
57	 116
57	 118
57	 119
57	 122
57	 127
57	 129
57	 131
57	 134
57	 137
57	 138
57	 139
57	 140
57	 141
57	 149
57	 152
57	 154
57	 155
57	 157
57	 159
57	 160
57	 162
57	 164
57	 165
57	 170
57	 171
57	 174
57	 178
57	 179
57	 185
57	 187
57	 190
57	 192
57	 193
57	 196
57	 199
58	 63
58	 65
58	 66
58	 67
58	 70
58	 71
58	 72
58	 73
58	 74
58	 75
58	 76
58	 77
58	 78
58	 80
58	 82
58	 87
58	 92
58	 95
58	 102
58	 109
58	 110
58	 111
58	 115
58	 119
58	 120
58	 121
58	 123
58	 124
58	 125
58	 126
58	 132
58	 133
58	 136
58	 141
58	 143
58	 148
58	 152
58	 153
58	 157
58	 160
58	 163
58	 164
58	 165
58	 166
58	 168
58	 169
58	 172
58	 175
58	 179
58	 183
58	 189
58	 190
58	 197
58	 198
59	 60
59	 69
59	 72
59	 73
59	 74
59	 75
59	 76
59	 78
59	 79
59	 80
59	 81
59	 82
59	 84
59	 89
59	 90
59	 93
59	 94
59	 95
59	 97
59	 100
59	 102
59	 103
59	 104
59	 112
59	 113
59	 122
59	 123
59	 124
59	 127
59	 133
59	 138
59	 139
59	 142
59	 150
59	 151
59	 152
59	 153
59	 155
59	 160
59	 162
59	 164
59	 165
59	 168
59	 169
59	 172
59	 176
59	 177
59	 178
59	 179
59	 183
59	 185
59	 186
59	 188
59	 190
59	 191
59	 195
59	 198
60	 61
60	 62
60	 65
60	 67
60	 72
60	 73
60	 76
60	 77
60	 80
60	 82
60	 85
60	 86
60	 92
60	 98
60	 99
60	 100
60	 103
60	 106
60	 109
60	 113
60	 121
60	 124
60	 130
60	 132
60	 134
60	 141
60	 142
60	 145
60	 146
60	 151
60	 157
60	 158
60	 160
60	 164
60	 167
60	 169
60	 170
60	 173
60	 174
60	 176
60	 178
60	 180
60	 182
60	 186
60	 192
60	 195
60	 196
61	 62
61	 66
61	 68
61	 69
61	 74
61	 75
61	 76
61	 78
61	 80
61	 83
61	 85
61	 86
61	 87
61	 89
61	 90
61	 91
61	 92
61	 97
61	 100
61	 104
61	 116
61	 120
61	 121
61	 123
61	 124
61	 129
61	 130
61	 135
61	 138
61	 142
61	 148
61	 149
61	 152
61	 154
61	 155
61	 159
61	 161
61	 164
61	 166
61	 170
61	 172
61	 173
61	 175
61	 176
61	 177
61	 179
61	 181
61	 182
61	 186
61	 188
61	 189
61	 190
61	 191
61	 200
62	 69
62	 71
62	 75
62	 77
62	 79
62	 80
62	 81
62	 89
62	 90
62	 91
62	 92
62	 94
62	 96
62	 99
62	 102
62	 104
62	 105
62	 106
62	 108
62	 109
62	 114
62	 117
62	 118
62	 119
62	 121
62	 122
62	 128
62	 130
62	 131
62	 132
62	 133
62	 134
62	 135
62	 136
62	 140
62	 141
62	 142
62	 144
62	 146
62	 147
62	 148
62	 149
62	 150
62	 152
62	 156
62	 157
62	 163
62	 165
62	 169
62	 171
62	 179
62	 181
62	 184
62	 185
62	 192
62	 193
62	 194
62	 195
62	 197
62	 198
62	 199
62	 200
63	 64
63	 66
63	 69
63	 71
63	 73
63	 74
63	 76
63	 79
63	 84
63	 87
63	 90
63	 93
63	 96
63	 97
63	 100
63	 101
63	 103
63	 104
63	 105
63	 107
63	 112
63	 118
63	 119
63	 126
63	 127
63	 128
63	 130
63	 133
63	 134
63	 135
63	 137
63	 143
63	 145
63	 148
63	 149
63	 150
63	 161
63	 162
63	 163
63	 164
63	 166
63	 167
63	 171
63	 172
63	 173
63	 177
63	 179
63	 180
63	 183
63	 184
63	 191
63	 195
63	 196
63	 199
64	 69
64	 70
64	 71
64	 76
64	 77
64	 78
64	 81
64	 82
64	 83
64	 84
64	 85
64	 88
64	 89
64	 94
64	 97
64	 100
64	 102
64	 103
64	 105
64	 106
64	 108
64	 109
64	 110
64	 113
64	 114
64	 115
64	 119
64	 120
64	 121
64	 122
64	 124
64	 126
64	 128
64	 131
64	 135
64	 136
64	 140
64	 141
64	 145
64	 149
64	 154
64	 155
64	 156
64	 157
64	 158
64	 161
64	 164
64	 165
64	 172
64	 178
64	 179
64	 183
64	 191
64	 193
64	 196
64	 197
64	 198
65	 68
65	 74
65	 77
65	 83
65	 87
65	 88
65	 89
65	 91
65	 96
65	 97
65	 99
65	 101
65	 106
65	 108
65	 110
65	 112
65	 114
65	 120
65	 124
65	 125
65	 128
65	 129
65	 130
65	 133
65	 136
65	 138
65	 145
65	 148
65	 150
65	 151
65	 154
65	 155
65	 156
65	 158
65	 160
65	 163
65	 164
65	 169
65	 175
65	 178
65	 180
65	 185
65	 186
65	 193
65	 195
65	 196
65	 198
66	 67
66	 71
66	 72
66	 73
66	 74
66	 78
66	 80
66	 81
66	 84
66	 87
66	 89
66	 95
66	 103
66	 108
66	 114
66	 119
66	 120
66	 127
66	 129
66	 131
66	 135
66	 139
66	 143
66	 144
66	 148
66	 150
66	 151
66	 152
66	 153
66	 154
66	 155
66	 157
66	 159
66	 160
66	 161
66	 162
66	 163
66	 164
66	 166
66	 169
66	 170
66	 173
66	 176
66	 179
66	 181
66	 183
66	 186
66	 187
66	 188
66	 189
66	 192
66	 197
66	 200
67	 68
67	 70
67	 71
67	 74
67	 75
67	 77
67	 80
67	 82
67	 86
67	 89
67	 91
67	 93
67	 95
67	 97
67	 99
67	 101
67	 106
67	 110
67	 111
67	 115
67	 118
67	 120
67	 123
67	 127
67	 128
67	 132
67	 133
67	 134
67	 139
67	 142
67	 144
67	 145
67	 148
67	 149
67	 150
67	 151
67	 153
67	 155
67	 159
67	 162
67	 163
67	 165
67	 166
67	 170
67	 174
67	 175
67	 178
67	 180
67	 181
67	 183
67	 185
67	 192
67	 193
67	 197
67	 200
68	 69
68	 72
68	 79
68	 80
68	 81
68	 82
68	 83
68	 84
68	 85
68	 87
68	 91
68	 94
68	 95
68	 97
68	 100
68	 104
68	 108
68	 109
68	 110
68	 111
68	 112
68	 113
68	 114
68	 116
68	 120
68	 121
68	 123
68	 124
68	 127
68	 128
68	 131
68	 132
68	 133
68	 135
68	 140
68	 146
68	 152
68	 153
68	 154
68	 155
68	 159
68	 164
68	 166
68	 167
68	 170
68	 177
68	 178
68	 182
68	 183
68	 184
68	 187
68	 188
68	 192
68	 193
68	 194
68	 195
68	 197
68	 199
68	 200
69	 72
69	 77
69	 78
69	 80
69	 81
69	 82
69	 84
69	 86
69	 87
69	 89
69	 91
69	 97
69	 101
69	 104
69	 105
69	 106
69	 108
69	 110
69	 116
69	 117
69	 118
69	 121
69	 124
69	 126
69	 128
69	 129
69	 131
69	 143
69	 145
69	 146
69	 147
69	 148
69	 149
69	 151
69	 152
69	 155
69	 158
69	 161
69	 163
69	 164
69	 168
69	 172
69	 174
69	 177
69	 181
69	 182
69	 183
69	 185
69	 186
69	 187
69	 188
69	 190
69	 191
69	 196
70	 73
70	 75
70	 76
70	 77
70	 78
70	 79
70	 85
70	 86
70	 88
70	 89
70	 92
70	 95
70	 96
70	 98
70	 99
70	 100
70	 102
70	 104
70	 105
70	 110
70	 115
70	 116
70	 118
70	 122
70	 124
70	 125
70	 127
70	 128
70	 129
70	 134
70	 135
70	 138
70	 140
70	 143
70	 145
70	 146
70	 147
70	 148
70	 150
70	 151
70	 152
70	 154
70	 155
70	 158
70	 160
70	 161
70	 164
70	 165
70	 167
70	 170
70	 174
70	 175
70	 176
70	 178
70	 179
70	 180
70	 181
70	 182
70	 185
70	 190
70	 193
70	 196
70	 199
71	 72
71	 80
71	 82
71	 94
71	 96
71	 97
71	 98
71	 100
71	 101
71	 105
71	 108
71	 110
71	 111
71	 112
71	 116
71	 119
71	 121
71	 125
71	 129
71	 134
71	 135
71	 137
71	 139
71	 144
71	 147
71	 148
71	 149
71	 150
71	 151
71	 152
71	 153
71	 157
71	 158
71	 159
71	 162
71	 163
71	 164
71	 171
71	 172
71	 180
71	 181
71	 182
71	 187
71	 189
71	 197
71	 198
72	 73
72	 81
72	 82
72	 88
72	 89
72	 91
72	 94
72	 97
72	 98
72	 99
72	 100
72	 106
72	 107
72	 111
72	 113
72	 117
72	 120
72	 123
72	 124
72	 126
72	 127
72	 134
72	 135
72	 136
72	 142
72	 143
72	 146
72	 147
72	 148
72	 156
72	 157
72	 159
72	 160
72	 168
72	 170
72	 173
72	 177
72	 179
72	 182
72	 184
72	 185
72	 187
72	 188
72	 190
72	 192
72	 193
72	 194
72	 195
72	 196
73	 77
73	 80
73	 82
73	 83
73	 85
73	 89
73	 90
73	 95
73	 96
73	 99
73	 100
73	 104
73	 106
73	 107
73	 109
73	 110
73	 111
73	 112
73	 113
73	 114
73	 115
73	 118
73	 123
73	 124
73	 125
73	 126
73	 127
73	 130
73	 136
73	 140
73	 142
73	 144
73	 146
73	 150
73	 153
73	 156
73	 159
73	 160
73	 163
73	 164
73	 165
73	 170
73	 172
73	 173
73	 179
73	 185
73	 186
73	 188
73	 189
73	 196
73	 197
74	 76
74	 79
74	 80
74	 81
74	 82
74	 83
74	 85
74	 87
74	 88
74	 90
74	 93
74	 96
74	 97
74	 101
74	 103
74	 105
74	 108
74	 109
74	 111
74	 114
74	 115
74	 118
74	 119
74	 120
74	 121
74	 122
74	 125
74	 127
74	 131
74	 133
74	 135
74	 136
74	 137
74	 141
74	 142
74	 143
74	 144
74	 149
74	 155
74	 158
74	 159
74	 165
74	 170
74	 171
74	 172
74	 173
74	 174
74	 176
74	 179
74	 184
74	 187
74	 190
74	 193
74	 196
74	 198
74	 200
75	 78
75	 80
75	 82
75	 85
75	 86
75	 88
75	 93
75	 95
75	 96
75	 97
75	 103
75	 104
75	 105
75	 108
75	 110
75	 111
75	 112
75	 113
75	 116
75	 122
75	 124
75	 126
75	 127
75	 129
75	 132
75	 133
75	 138
75	 142
75	 143
75	 149
75	 155
75	 157
75	 158
75	 166
75	 168
75	 169
75	 170
75	 173
75	 175
75	 180
75	 182
75	 184
75	 186
75	 191
75	 196
75	 198
76	 78
76	 87
76	 89
76	 99
76	 100
76	 104
76	 105
76	 108
76	 109
76	 113
76	 114
76	 118
76	 119
76	 120
76	 122
76	 124
76	 125
76	 132
76	 140
76	 141
76	 144
76	 145
76	 146
76	 149
76	 153
76	 154
76	 155
76	 156
76	 159
76	 163
76	 167
76	 170
76	 171
76	 172
76	 173
76	 175
76	 176
76	 177
76	 180
76	 182
76	 187
76	 188
76	 189
76	 190
76	 193
76	 194
76	 195
76	 199
76	 200
77	 80
77	 86
77	 87
77	 88
77	 89
77	 96
77	 97
77	 98
77	 99
77	 100
77	 102
77	 103
77	 105
77	 106
77	 107
77	 108
77	 115
77	 118
77	 119
77	 121
77	 122
77	 124
77	 125
77	 126
77	 128
77	 132
77	 133
77	 134
77	 135
77	 136
77	 142
77	 144
77	 148
77	 156
77	 159
77	 162
77	 166
77	 169
77	 170
77	 173
77	 177
77	 179
77	 181
77	 182
77	 184
77	 185
77	 187
77	 191
77	 196
77	 197
77	 198
77	 199
78	 83
78	 87
78	 91
78	 93
78	 95
78	 101
78	 103
78	 104
78	 105
78	 110
78	 111
78	 114
78	 116
78	 119
78	 120
78	 121
78	 122
78	 124
78	 127
78	 129
78	 130
78	 131
78	 132
78	 139
78	 142
78	 147
78	 150
78	 151
78	 152
78	 153
78	 158
78	 161
78	 164
78	 166
78	 167
78	 168
78	 169
78	 172
78	 173
78	 175
78	 176
78	 178
78	 185
78	 186
78	 187
78	 188
78	 189
78	 191
78	 200
79	 80
79	 81
79	 83
79	 88
79	 90
79	 91
79	 93
79	 102
79	 103
79	 104
79	 105
79	 116
79	 119
79	 125
79	 126
79	 128
79	 129
79	 130
79	 136
79	 137
79	 138
79	 140
79	 141
79	 142
79	 143
79	 144
79	 145
79	 146
79	 147
79	 149
79	 152
79	 154
79	 155
79	 156
79	 158
79	 159
79	 161
79	 162
79	 165
79	 167
79	 168
79	 169
79	 170
79	 175
79	 176
79	 181
79	 182
79	 183
79	 187
79	 188
79	 195
79	 197
80	 82
80	 88
80	 91
80	 92
80	 93
80	 94
80	 95
80	 98
80	 99
80	 104
80	 105
80	 106
80	 108
80	 112
80	 113
80	 116
80	 118
80	 123
80	 126
80	 128
80	 131
80	 137
80	 140
80	 148
80	 154
80	 155
80	 157
80	 158
80	 159
80	 161
80	 162
80	 163
80	 164
80	 166
80	 167
80	 168
80	 174
80	 184
80	 185
80	 189
80	 190
80	 193
80	 196
81	 84
81	 86
81	 93
81	 94
81	 95
81	 96
81	 99
81	 100
81	 101
81	 104
81	 114
81	 120
81	 122
81	 124
81	 126
81	 131
81	 134
81	 140
81	 142
81	 152
81	 153
81	 154
81	 157
81	 163
81	 164
81	 166
81	 167
81	 168
81	 169
81	 170
81	 172
81	 174
81	 175
81	 177
81	 178
81	 185
81	 187
81	 190
81	 191
81	 194
82	 85
82	 86
82	 88
82	 94
82	 99
82	 100
82	 102
82	 104
82	 105
82	 107
82	 109
82	 113
82	 114
82	 116
82	 117
82	 119
82	 120
82	 124
82	 128
82	 130
82	 131
82	 132
82	 133
82	 136
82	 137
82	 139
82	 141
82	 143
82	 144
82	 149
82	 150
82	 151
82	 153
82	 156
82	 157
82	 158
82	 159
82	 162
82	 168
82	 169
82	 171
82	 187
82	 189
82	 190
82	 191
82	 193
83	 84
83	 85
83	 87
83	 91
83	 94
83	 97
83	 102
83	 103
83	 105
83	 107
83	 110
83	 111
83	 112
83	 116
83	 117
83	 119
83	 120
83	 123
83	 125
83	 128
83	 130
83	 131
83	 132
83	 138
83	 139
83	 140
83	 143
83	 144
83	 148
83	 158
83	 161
83	 163
83	 164
83	 167
83	 168
83	 176
83	 179
83	 180
83	 185
83	 192
83	 196
83	 199
83	 200
84	 88
84	 89
84	 90
84	 94
84	 95
84	 96
84	 99
84	 100
84	 101
84	 107
84	 110
84	 114
84	 116
84	 121
84	 126
84	 128
84	 132
84	 133
84	 134
84	 135
84	 139
84	 140
84	 141
84	 145
84	 146
84	 147
84	 151
84	 154
84	 155
84	 156
84	 160
84	 161
84	 165
84	 168
84	 169
84	 171
84	 174
84	 179
84	 180
84	 184
84	 187
84	 189
84	 192
84	 193
84	 195
84	 200
85	 86
85	 87
85	 88
85	 90
85	 95
85	 98
85	 100
85	 104
85	 105
85	 112
85	 113
85	 115
85	 117
85	 118
85	 119
85	 125
85	 129
85	 131
85	 134
85	 135
85	 141
85	 142
85	 144
85	 150
85	 152
85	 154
85	 155
85	 158
85	 162
85	 163
85	 167
85	 171
85	 174
85	 178
85	 179
85	 183
85	 185
85	 192
85	 198
85	 199
85	 200
86	 92
86	 99
86	 102
86	 103
86	 104
86	 109
86	 113
86	 115
86	 116
86	 118
86	 124
86	 125
86	 129
86	 130
86	 132
86	 134
86	 136
86	 137
86	 138
86	 139
86	 142
86	 149
86	 150
86	 155
86	 158
86	 164
86	 165
86	 166
86	 167
86	 170
86	 171
86	 172
86	 177
86	 180
86	 184
86	 185
86	 190
86	 194
86	 197
87	 88
87	 89
87	 91
87	 92
87	 95
87	 96
87	 97
87	 100
87	 106
87	 111
87	 114
87	 118
87	 119
87	 121
87	 122
87	 125
87	 129
87	 133
87	 135
87	 136
87	 137
87	 138
87	 144
87	 146
87	 150
87	 151
87	 156
87	 159
87	 160
87	 161
87	 163
87	 164
87	 167
87	 172
87	 178
87	 179
87	 181
87	 185
87	 186
87	 191
87	 192
87	 193
87	 200
88	 89
88	 90
88	 101
88	 103
88	 104
88	 108
88	 110
88	 113
88	 114
88	 121
88	 129
88	 132
88	 133
88	 136
88	 137
88	 138
88	 139
88	 140
88	 141
88	 144
88	 145
88	 146
88	 150
88	 153
88	 154
88	 155
88	 156
88	 161
88	 163
88	 166
88	 167
88	 168
88	 170
88	 172
88	 175
88	 178
88	 179
88	 181
88	 182
88	 184
88	 187
88	 188
88	 190
88	 191
88	 195
88	 198
89	 91
89	 97
89	 98
89	 100
89	 106
89	 107
89	 108
89	 109
89	 119
89	 123
89	 124
89	 126
89	 127
89	 130
89	 132
89	 133
89	 136
89	 139
89	 140
89	 141
89	 146
89	 147
89	 152
89	 155
89	 156
89	 157
89	 158
89	 159
89	 160
89	 166
89	 173
89	 177
89	 180
89	 182
89	 184
89	 185
89	 189
89	 192
89	 194
89	 196
89	 198
89	 200
90	 95
90	 96
90	 99
90	 101
90	 104
90	 107
90	 110
90	 115
90	 119
90	 126
90	 128
90	 129
90	 131
90	 132
90	 133
90	 134
90	 136
90	 139
90	 141
90	 142
90	 144
90	 146
90	 150
90	 153
90	 154
90	 156
90	 157
90	 158
90	 169
90	 172
90	 175
90	 181
90	 182
90	 185
90	 187
90	 189
90	 190
90	 193
90	 194
90	 198
90	 199
91	 93
91	 94
91	 95
91	 96
91	 97
91	 98
91	 99
91	 102
91	 105
91	 112
91	 114
91	 117
91	 119
91	 121
91	 124
91	 128
91	 131
91	 132
91	 135
91	 136
91	 144
91	 146
91	 149
91	 150
91	 153
91	 154
91	 157
91	 158
91	 159
91	 161
91	 162
91	 163
91	 167
91	 168
91	 169
91	 170
91	 171
91	 175
91	 178
91	 180
91	 183
91	 184
91	 189
91	 191
91	 194
91	 197
91	 199
92	 93
92	 94
92	 98
92	 102
92	 103
92	 104
92	 105
92	 107
92	 108
92	 110
92	 111
92	 116
92	 117
92	 120
92	 122
92	 125
92	 126
92	 143
92	 145
92	 147
92	 148
92	 150
92	 152
92	 153
92	 154
92	 155
92	 159
92	 163
92	 166
92	 169
92	 170
92	 172
92	 173
92	 177
92	 179
92	 184
92	 185
92	 189
92	 190
92	 191
92	 193
92	 195
92	 197
92	 200
93	 94
93	 95
93	 96
93	 97
93	 99
93	 105
93	 106
93	 110
93	 112
93	 114
93	 115
93	 116
93	 117
93	 120
93	 129
93	 130
93	 131
93	 132
93	 133
93	 138
93	 140
93	 141
93	 142
93	 144
93	 146
93	 150
93	 151
93	 152
93	 153
93	 157
93	 163
93	 165
93	 166
93	 169
93	 174
93	 177
93	 178
93	 180
93	 181
93	 182
93	 186
93	 195
93	 196
93	 197
93	 198
94	 95
94	 96
94	 101
94	 104
94	 111
94	 115
94	 116
94	 117
94	 118
94	 119
94	 121
94	 125
94	 127
94	 129
94	 130
94	 133
94	 140
94	 143
94	 147
94	 150
94	 151
94	 155
94	 158
94	 159
94	 162
94	 163
94	 164
94	 165
94	 167
94	 169
94	 170
94	 171
94	 172
94	 175
94	 178
94	 179
94	 181
94	 182
94	 186
94	 189
94	 191
94	 193
94	 194
94	 198
94	 199
94	 200
95	 96
95	 97
95	 99
95	 102
95	 105
95	 112
95	 117
95	 120
95	 122
95	 123
95	 125
95	 126
95	 127
95	 130
95	 134
95	 136
95	 137
95	 141
95	 142
95	 147
95	 149
95	 152
95	 158
95	 160
95	 162
95	 166
95	 167
95	 168
95	 169
95	 171
95	 174
95	 178
95	 179
95	 180
95	 192
95	 194
95	 195
95	 197
95	 199
96	 98
96	 102
96	 106
96	 110
96	 114
96	 116
96	 117
96	 120
96	 123
96	 127
96	 132
96	 134
96	 138
96	 141
96	 142
96	 143
96	 144
96	 149
96	 158
96	 159
96	 161
96	 162
96	 164
96	 167
96	 171
96	 174
96	 179
96	 180
96	 182
96	 183
96	 187
96	 188
96	 189
96	 191
96	 198
96	 199
96	 200
97	 100
97	 103
97	 106
97	 108
97	 109
97	 110
97	 112
97	 115
97	 117
97	 123
97	 127
97	 128
97	 131
97	 132
97	 134
97	 137
97	 138
97	 142
97	 143
97	 145
97	 146
97	 148
97	 150
97	 151
97	 155
97	 159
97	 160
97	 161
97	 162
97	 163
97	 164
97	 167
97	 168
97	 169
97	 170
97	 171
97	 172
97	 174
97	 179
97	 181
97	 182
97	 183
97	 185
97	 191
97	 192
97	 193
97	 195
97	 198
97	 200
98	 99
98	 100
98	 101
98	 102
98	 106
98	 107
98	 108
98	 110
98	 111
98	 114
98	 115
98	 116
98	 122
98	 124
98	 126
98	 129
98	 135
98	 142
98	 143
98	 147
98	 148
98	 149
98	 150
98	 153
98	 155
98	 156
98	 157
98	 163
98	 165
98	 169
98	 170
98	 171
98	 176
98	 183
98	 186
98	 187
98	 188
98	 189
98	 193
98	 195
98	 199
99	 101
99	 102
99	 105
99	 107
99	 110
99	 113
99	 115
99	 116
99	 118
99	 119
99	 122
99	 126
99	 128
99	 129
99	 130
99	 132
99	 136
99	 143
99	 146
99	 147
99	 149
99	 150
99	 152
99	 154
99	 156
99	 159
99	 160
99	 161
99	 162
99	 166
99	 167
99	 168
99	 174
99	 176
99	 177
99	 178
99	 180
99	 186
99	 187
99	 188
99	 189
99	 190
99	 196
99	 197
99	 198
100	 102
100	 106
100	 107
100	 108
100	 109
100	 113
100	 118
100	 122
100	 126
100	 127
100	 128
100	 132
100	 134
100	 135
100	 136
100	 141
100	 143
100	 144
100	 145
100	 146
100	 147
100	 149
100	 152
100	 156
100	 159
100	 162
100	 164
100	 166
100	 169
100	 175
100	 182
100	 185
100	 187
100	 191
100	 193
100	 200
101	 103
101	 104
101	 105
101	 107
101	 112
101	 115
101	 120
101	 123
101	 124
101	 128
101	 130
101	 135
101	 136
101	 138
101	 141
101	 143
101	 144
101	 149
101	 150
101	 151
101	 155
101	 157
101	 159
101	 160
101	 162
101	 167
101	 168
101	 169
101	 171
101	 173
101	 178
101	 180
101	 181
101	 192
101	 196
101	 197
101	 200
102	 103
102	 109
102	 111
102	 112
102	 114
102	 115
102	 116
102	 118
102	 119
102	 126
102	 127
102	 129
102	 135
102	 140
102	 143
102	 145
102	 149
102	 151
102	 152
102	 153
102	 158
102	 160
102	 162
102	 168
102	 169
102	 170
102	 173
102	 183
102	 184
102	 185
102	 189
102	 190
102	 192
102	 193
102	 194
102	 195
102	 196
102	 197
102	 198
102	 199
102	 200
103	 104
103	 110
103	 111
103	 114
103	 115
103	 121
103	 123
103	 130
103	 131
103	 136
103	 137
103	 138
103	 139
103	 141
103	 142
103	 149
103	 153
103	 155
103	 156
103	 157
103	 158
103	 161
103	 163
103	 167
103	 170
103	 172
103	 174
103	 175
103	 176
103	 182
103	 186
103	 187
103	 194
103	 198
103	 199
104	 107
104	 109
104	 112
104	 113
104	 114
104	 115
104	 121
104	 123
104	 125
104	 127
104	 132
104	 135
104	 140
104	 145
104	 147
104	 148
104	 149
104	 152
104	 154
104	 157
104	 159
104	 161
104	 164
104	 166
104	 168
104	 171
104	 179
104	 183
104	 185
104	 190
104	 191
104	 194
104	 197
105	 107
105	 110
105	 111
105	 114
105	 117
105	 118
105	 121
105	 125
105	 132
105	 135
105	 136
105	 145
105	 148
105	 151
105	 157
105	 158
105	 160
105	 161
105	 162
105	 163
105	 164
105	 166
105	 171
105	 172
105	 173
105	 175
105	 189
105	 191
105	 195
105	 196
105	 197
106	 114
106	 117
106	 119
106	 121
106	 134
106	 135
106	 137
106	 140
106	 142
106	 144
106	 145
106	 148
106	 149
106	 156
106	 163
106	 167
106	 168
106	 169
106	 170
106	 172
106	 182
106	 185
106	 192
106	 196
106	 197
106	 198
106	 200
107	 111
107	 114
107	 115
107	 117
107	 118
107	 121
107	 126
107	 130
107	 131
107	 133
107	 137
107	 141
107	 145
107	 148
107	 149
107	 150
107	 153
107	 157
107	 160
107	 163
107	 165
107	 166
107	 167
107	 168
107	 170
107	 172
107	 175
107	 177
107	 178
107	 183
107	 185
107	 186
107	 188
107	 191
107	 194
107	 196
107	 197
107	 200
108	 109
108	 113
108	 116
108	 120
108	 121
108	 122
108	 123
108	 126
108	 127
108	 130
108	 133
108	 135
108	 136
108	 137
108	 144
108	 149
108	 151
108	 153
108	 154
108	 157
108	 158
108	 160
108	 164
108	 166
108	 167
108	 168
108	 175
108	 178
108	 179
108	 185
108	 186
108	 188
108	 195
109	 112
109	 122
109	 123
109	 124
109	 128
109	 129
109	 130
109	 131
109	 132
109	 133
109	 136
109	 139
109	 145
109	 147
109	 148
109	 152
109	 154
109	 156
109	 157
109	 158
109	 160
109	 161
109	 162
109	 165
109	 166
109	 167
109	 171
109	 172
109	 174
109	 177
109	 178
109	 180
109	 181
109	 183
109	 184
109	 185
109	 187
109	 191
109	 192
109	 194
109	 200
110	 115
110	 119
110	 122
110	 124
110	 125
110	 127
110	 129
110	 132
110	 135
110	 136
110	 137
110	 139
110	 145
110	 146
110	 148
110	 149
110	 151
110	 155
110	 156
110	 158
110	 162
110	 164
110	 165
110	 166
110	 174
110	 179
110	 183
110	 184
110	 185
110	 186
110	 192
110	 193
110	 196
110	 197
110	 198
111	 114
111	 115
111	 119
111	 120
111	 122
111	 123
111	 124
111	 126
111	 134
111	 138
111	 141
111	 143
111	 144
111	 146
111	 149
111	 150
111	 154
111	 155
111	 156
111	 157
111	 159
111	 165
111	 168
111	 169
111	 170
111	 171
111	 174
111	 175
111	 187
111	 191
111	 197
111	 200
112	 113
112	 115
112	 118
112	 121
112	 127
112	 128
112	 130
112	 136
112	 139
112	 140
112	 141
112	 143
112	 151
112	 152
112	 153
112	 157
112	 161
112	 166
112	 172
112	 185
112	 186
112	 187
112	 189
112	 191
112	 193
112	 196
112	 199
113	 114
113	 117
113	 118
113	 119
113	 120
113	 123
113	 124
113	 125
113	 126
113	 129
113	 130
113	 133
113	 134
113	 136
113	 139
113	 144
113	 146
113	 148
113	 153
113	 158
113	 159
113	 162
113	 165
113	 166
113	 167
113	 169
113	 170
113	 173
113	 174
113	 177
113	 180
113	 183
113	 184
113	 187
113	 189
113	 191
113	 198
113	 200
114	 115
114	 119
114	 124
114	 128
114	 129
114	 131
114	 132
114	 134
114	 135
114	 137
114	 138
114	 145
114	 149
114	 150
114	 151
114	 152
114	 156
114	 158
114	 159
114	 160
114	 161
114	 162
114	 166
114	 169
114	 172
114	 176
114	 177
114	 181
114	 183
114	 187
114	 188
114	 194
114	 195
114	 196
114	 199
114	 200
115	 116
115	 121
115	 124
115	 127
115	 134
115	 136
115	 137
115	 138
115	 140
115	 144
115	 145
115	 148
115	 155
115	 163
115	 164
115	 168
115	 170
115	 171
115	 173
115	 174
115	 176
115	 177
115	 180
115	 181
115	 186
115	 196
115	 197
115	 198
115	 199
115	 200
116	 117
116	 118
116	 121
116	 122
116	 123
116	 125
116	 126
116	 129
116	 130
116	 131
116	 135
116	 137
116	 139
116	 143
116	 149
116	 150
116	 151
116	 160
116	 161
116	 170
116	 172
116	 173
116	 174
116	 175
116	 176
116	 179
116	 183
116	 187
116	 188
116	 192
116	 194
116	 195
116	 196
116	 199
117	 118
117	 120
117	 123
117	 124
117	 126
117	 127
117	 130
117	 131
117	 134
117	 135
117	 138
117	 140
117	 143
117	 145
117	 148
117	 149
117	 150
117	 153
117	 158
117	 163
117	 168
117	 170
117	 171
117	 172
117	 174
117	 177
117	 181
117	 182
117	 185
117	 186
117	 187
117	 188
117	 191
117	 192
117	 193
117	 194
117	 195
117	 200
118	 119
118	 120
118	 121
118	 122
118	 124
118	 125
118	 126
118	 128
118	 131
118	 133
118	 135
118	 138
118	 139
118	 142
118	 143
118	 145
118	 146
118	 148
118	 151
118	 152
118	 155
118	 156
118	 157
118	 161
118	 162
118	 164
118	 165
118	 166
118	 175
118	 180
118	 181
118	 185
118	 186
118	 187
118	 188
118	 189
118	 193
118	 194
118	 197
118	 198
118	 199
118	 200
119	 120
119	 121
119	 122
119	 125
119	 129
119	 132
119	 134
119	 135
119	 136
119	 137
119	 139
119	 144
119	 147
119	 150
119	 152
119	 155
119	 156
119	 158
119	 159
119	 162
119	 163
119	 164
119	 166
119	 170
119	 171
119	 173
119	 175
119	 178
119	 179
119	 181
119	 182
119	 185
119	 186
119	 187
119	 191
119	 197
119	 199
119	 200
120	 121
120	 122
120	 125
120	 130
120	 134
120	 137
120	 139
120	 140
120	 149
120	 159
120	 160
120	 168
120	 169
120	 170
120	 172
120	 173
120	 175
120	 177
120	 178
120	 179
120	 180
120	 191
120	 197
120	 200
121	 127
121	 129
121	 131
121	 133
121	 142
121	 144
121	 145
121	 146
121	 147
121	 149
121	 150
121	 157
121	 160
121	 161
121	 162
121	 163
121	 166
121	 167
121	 171
121	 174
121	 175
121	 177
121	 181
121	 189
121	 192
121	 195
121	 200
122	 124
122	 126
122	 128
122	 129
122	 130
122	 132
122	 135
122	 136
122	 137
122	 139
122	 141
122	 144
122	 145
122	 148
122	 149
122	 151
122	 158
122	 162
122	 163
122	 164
122	 167
122	 168
122	 172
122	 174
122	 178
122	 179
122	 184
122	 185
122	 187
122	 189
122	 191
122	 193
122	 194
122	 198
122	 199
123	 124
123	 127
123	 128
123	 133
123	 141
123	 144
123	 145
123	 147
123	 148
123	 151
123	 152
123	 153
123	 155
123	 159
123	 160
123	 161
123	 164
123	 167
123	 170
123	 172
123	 173
123	 175
123	 178
123	 179
123	 183
123	 188
123	 191
123	 195
123	 197
123	 199
124	 126
124	 128
124	 129
124	 132
124	 134
124	 142
124	 143
124	 148
124	 151
124	 155
124	 157
124	 158
124	 163
124	 166
124	 168
124	 169
124	 170
124	 174
124	 176
124	 177
124	 178
124	 179
124	 181
124	 183
124	 185
124	 187
124	 188
124	 189
124	 191
124	 194
124	 200
125	 133
125	 141
125	 145
125	 148
125	 155
125	 158
125	 161
125	 162
125	 163
125	 164
125	 165
125	 169
125	 172
125	 173
125	 176
125	 178
125	 179
125	 180
125	 181
125	 182
125	 183
125	 185
125	 186
125	 190
125	 193
125	 197
125	 198
125	 200
126	 128
126	 130
126	 132
126	 134
126	 135
126	 138
126	 141
126	 143
126	 147
126	 149
126	 152
126	 154
126	 161
126	 164
126	 168
126	 173
126	 174
126	 177
126	 180
126	 181
126	 183
126	 186
126	 190
126	 194
126	 198
126	 200
127	 131
127	 132
127	 134
127	 135
127	 137
127	 138
127	 140
127	 144
127	 145
127	 147
127	 148
127	 149
127	 150
127	 152
127	 155
127	 157
127	 160
127	 166
127	 167
127	 172
127	 177
127	 180
127	 181
127	 182
127	 184
127	 186
127	 187
127	 188
127	 189
127	 191
127	 192
127	 195
127	 197
128	 132
128	 134
128	 145
128	 148
128	 149
128	 151
128	 156
128	 158
128	 159
128	 160
128	 161
128	 165
128	 168
128	 173
128	 178
128	 180
128	 183
128	 185
128	 186
128	 190
128	 191
128	 196
128	 197
128	 200
129	 130
129	 131
129	 132
129	 136
129	 137
129	 138
129	 139
129	 142
129	 144
129	 148
129	 149
129	 156
129	 157
129	 158
129	 164
129	 169
129	 173
129	 175
129	 178
129	 181
129	 183
129	 184
129	 186
129	 192
129	 194
129	 197
129	 199
129	 200
130	 134
130	 135
130	 137
130	 149
130	 150
130	 153
130	 159
130	 162
130	 163
130	 167
130	 168
130	 171
130	 175
130	 176
130	 177
130	 180
130	 181
130	 182
130	 183
130	 185
130	 186
130	 187
130	 188
130	 190
130	 191
130	 194
130	 196
130	 199
131	 133
131	 135
131	 137
131	 138
131	 139
131	 140
131	 141
131	 143
131	 144
131	 145
131	 146
131	 149
131	 155
131	 156
131	 158
131	 159
131	 163
131	 165
131	 174
131	 177
131	 178
131	 179
131	 185
131	 186
131	 188
131	 191
131	 192
131	 194
131	 196
131	 197
131	 198
131	 199
132	 136
132	 140
132	 141
132	 142
132	 148
132	 150
132	 152
132	 153
132	 154
132	 157
132	 163
132	 168
132	 175
132	 179
132	 182
132	 183
132	 186
132	 187
132	 191
132	 195
132	 199
133	 135
133	 137
133	 140
133	 143
133	 145
133	 150
133	 157
133	 158
133	 162
133	 167
133	 171
133	 172
133	 174
133	 177
133	 178
133	 179
133	 180
133	 182
133	 183
133	 184
133	 186
133	 187
133	 191
133	 195
133	 196
134	 137
134	 138
134	 139
134	 147
134	 148
134	 149
134	 150
134	 153
134	 154
134	 155
134	 161
134	 173
134	 175
134	 177
134	 180
134	 182
134	 183
134	 194
134	 196
134	 198
134	 199
134	 200
135	 136
135	 137
135	 142
135	 146
135	 152
135	 153
135	 157
135	 158
135	 159
135	 163
135	 165
135	 178
135	 180
135	 189
135	 190
135	 191
135	 192
135	 193
135	 196
136	 138
136	 140
136	 144
136	 145
136	 151
136	 154
136	 156
136	 158
136	 159
136	 164
136	 166
136	 168
136	 169
136	 170
136	 171
136	 172
136	 174
136	 175
136	 181
136	 188
136	 193
136	 194
136	 196
136	 199
137	 138
137	 139
137	 140
137	 141
137	 142
137	 143
137	 147
137	 150
137	 151
137	 157
137	 158
137	 160
137	 161
137	 162
137	 164
137	 165
137	 171
137	 172
137	 173
137	 176
137	 178
137	 180
137	 181
137	 182
137	 183
137	 184
137	 188
137	 190
137	 192
137	 193
137	 194
137	 196
137	 199
138	 144
138	 146
138	 147
138	 148
138	 151
138	 152
138	 153
138	 156
138	 157
138	 158
138	 159
138	 163
138	 167
138	 169
138	 174
138	 176
138	 181
138	 183
138	 184
138	 187
138	 189
138	 193
138	 195
138	 198
139	 145
139	 146
139	 147
139	 148
139	 149
139	 150
139	 151
139	 152
139	 154
139	 158
139	 159
139	 160
139	 163
139	 165
139	 167
139	 168
139	 169
139	 173
139	 175
139	 176
139	 182
139	 184
139	 188
139	 189
139	 190
139	 191
139	 199
139	 200
140	 143
140	 144
140	 146
140	 147
140	 150
140	 154
140	 155
140	 158
140	 159
140	 160
140	 161
140	 162
140	 167
140	 168
140	 169
140	 171
140	 173
140	 175
140	 176
140	 178
140	 180
140	 181
140	 183
140	 185
140	 188
140	 189
140	 192
140	 194
140	 195
140	 196
140	 198
141	 144
141	 147
141	 148
141	 152
141	 154
141	 156
141	 168
141	 169
141	 170
141	 178
141	 181
141	 187
141	 190
141	 192
141	 194
141	 197
141	 199
141	 200
142	 143
142	 144
142	 145
142	 156
142	 157
142	 159
142	 161
142	 163
142	 164
142	 165
142	 166
142	 176
142	 178
142	 180
142	 181
142	 185
142	 189
142	 192
142	 195
142	 198
142	 199
143	 147
143	 149
143	 151
143	 152
143	 155
143	 156
143	 158
143	 160
143	 161
143	 162
143	 165
143	 166
143	 168
143	 174
143	 178
143	 180
143	 183
143	 184
143	 190
143	 192
143	 193
143	 197
143	 198
144	 146
144	 147
144	 157
144	 159
144	 160
144	 165
144	 170
144	 175
144	 176
144	 177
144	 179
144	 180
144	 182
144	 184
144	 185
144	 186
144	 188
144	 189
144	 191
144	 193
144	 194
144	 196
144	 199
145	 146
145	 151
145	 155
145	 156
145	 157
145	 159
145	 165
145	 168
145	 172
145	 178
145	 179
145	 181
145	 182
145	 183
145	 184
145	 185
145	 187
145	 188
145	 189
145	 191
145	 192
145	 197
145	 198
145	 199
146	 150
146	 151
146	 153
146	 154
146	 155
146	 156
146	 157
146	 161
146	 162
146	 165
146	 167
146	 168
146	 173
146	 174
146	 179
146	 186
146	 187
146	 188
146	 189
146	 191
146	 193
146	 197
146	 198
147	 149
147	 154
147	 155
147	 158
147	 160
147	 161
147	 168
147	 169
147	 170
147	 171
147	 178
147	 182
147	 184
147	 185
147	 186
147	 188
147	 198
147	 200
148	 154
148	 156
148	 158
148	 159
148	 163
148	 165
148	 168
148	 170
148	 172
148	 175
148	 177
148	 187
148	 188
148	 190
148	 196
148	 197
148	 199
148	 200
149	 150
149	 152
149	 157
149	 158
149	 161
149	 164
149	 166
149	 168
149	 169
149	 174
149	 177
149	 179
149	 181
149	 182
149	 184
149	 186
149	 188
149	 189
149	 190
149	 191
149	 193
149	 194
149	 199
150	 151
150	 154
150	 157
150	 160
150	 164
150	 165
150	 173
150	 174
150	 175
150	 179
150	 182
150	 183
150	 186
150	 190
150	 193
150	 195
150	 196
150	 200
151	 156
151	 158
151	 159
151	 161
151	 162
151	 167
151	 169
151	 170
151	 176
151	 178
151	 179
151	 181
151	 183
151	 184
151	 189
151	 192
151	 198
151	 200
152	 153
152	 155
152	 157
152	 158
152	 161
152	 164
152	 165
152	 166
152	 167
152	 172
152	 173
152	 174
152	 176
152	 177
152	 180
152	 181
152	 185
152	 186
152	 195
152	 196
152	 197
152	 198
152	 199
152	 200
153	 154
153	 157
153	 158
153	 165
153	 170
153	 172
153	 173
153	 174
153	 175
153	 176
153	 178
153	 179
153	 180
153	 182
153	 183
153	 184
153	 186
153	 187
153	 188
153	 192
153	 194
153	 195
153	 197
153	 199
153	 200
154	 157
154	 158
154	 164
154	 166
154	 167
154	 170
154	 171
154	 173
154	 176
154	 177
154	 178
154	 181
154	 184
154	 186
154	 188
154	 189
154	 196
155	 157
155	 158
155	 163
155	 168
155	 169
155	 171
155	 176
155	 178
155	 180
155	 183
155	 184
155	 185
155	 187
155	 192
155	 194
155	 200
156	 159
156	 160
156	 167
156	 172
156	 173
156	 178
156	 179
156	 180
156	 182
156	 189
156	 191
156	 195
156	 196
156	 200
157	 158
157	 159
157	 160
157	 165
157	 166
157	 169
157	 175
157	 177
157	 181
157	 185
157	 186
157	 188
157	 195
157	 200
158	 159
158	 161
158	 164
158	 167
158	 170
158	 172
158	 175
158	 176
158	 180
158	 181
158	 186
158	 187
158	 188
158	 190
158	 195
158	 196
158	 198
158	 200
159	 164
159	 169
159	 170
159	 171
159	 172
159	 173
159	 177
159	 180
159	 184
159	 189
159	 190
159	 192
159	 194
159	 195
159	 199
160	 162
160	 165
160	 167
160	 172
160	 176
160	 177
160	 182
160	 187
160	 191
160	 196
161	 163
161	 164
161	 165
161	 167
161	 170
161	 171
161	 172
161	 176
161	 177
161	 178
161	 184
161	 189
161	 192
161	 193
161	 194
161	 196
161	 197
162	 167
162	 173
162	 176
162	 178
162	 180
162	 183
162	 185
162	 187
162	 190
162	 200
163	 167
163	 169
163	 174
163	 177
163	 181
163	 182
163	 183
163	 192
163	 194
163	 195
163	 196
163	 197
163	 199
163	 200
164	 165
164	 169
164	 171
164	 172
164	 175
164	 176
164	 177
164	 178
164	 180
164	 183
164	 184
164	 188
164	 192
164	 193
164	 195
164	 196
164	 199
165	 166
165	 167
165	 180
165	 185
165	 186
165	 192
165	 193
166	 168
166	 170
166	 171
166	 173
166	 175
166	 178
166	 179
166	 181
166	 182
166	 185
166	 187
166	 188
166	 196
166	 197
167	 171
167	 174
167	 175
167	 177
167	 178
167	 182
167	 183
167	 185
167	 188
167	 191
167	 192
167	 193
168	 169
168	 173
168	 175
168	 178
168	 179
168	 180
168	 185
168	 186
168	 187
168	 190
168	 192
168	 193
168	 198
168	 200
169	 172
169	 174
169	 178
169	 179
169	 181
169	 188
169	 193
169	 194
169	 200
170	 174
170	 177
170	 180
170	 181
170	 182
170	 185
170	 187
170	 190
170	 195
170	 196
170	 197
170	 198
170	 200
171	 172
171	 175
171	 176
171	 179
171	 183
171	 184
171	 185
171	 188
171	 189
171	 191
171	 193
171	 194
171	 196
171	 197
171	 199
172	 173
172	 175
172	 177
172	 178
172	 179
172	 183
172	 186
172	 194
172	 196
172	 197
172	 199
172	 200
173	 176
173	 182
173	 184
173	 186
173	 187
173	 189
173	 191
173	 194
173	 195
173	 198
173	 199
173	 200
174	 178
174	 183
174	 184
174	 190
174	 193
174	 197
174	 200
175	 178
175	 181
175	 185
175	 186
175	 187
175	 198
176	 179
176	 182
176	 184
176	 187
176	 189
176	 191
176	 193
176	 198
177	 178
177	 179
177	 184
177	 185
177	 188
177	 189
177	 190
177	 191
177	 195
177	 198
178	 182
178	 184
178	 195
178	 196
178	 197
179	 180
179	 181
179	 185
179	 188
179	 195
180	 184
180	 186
180	 187
180	 189
180	 195
180	 197
181	 182
181	 185
181	 192
181	 196
181	 197
181	 200
182	 184
182	 186
182	 187
182	 188
182	 192
182	 194
182	 199
182	 200
183	 184
183	 186
183	 187
183	 188
183	 199
184	 185
184	 188
184	 189
184	 190
184	 192
184	 193
184	 196
184	 198
185	 188
185	 189
185	 190
185	 197
185	 199
185	 200
186	 187
186	 188
186	 190
186	 191
186	 193
186	 197
186	 200
187	 189
187	 190
187	 193
187	 194
187	 195
187	 196
187	 197
187	 198
188	 189
188	 190
188	 191
188	 194
188	 195
188	 198
188	 200
189	 192
189	 193
189	 199
190	 192
190	 194
190	 195
190	 199
191	 192
191	 195
192	 196
192	 197
192	 200
193	 196
193	 198
194	 195
195	 198
195	 200
196	 197
196	 198
196	 199
;