n := 200;
B := 1280;
param : n c w:=
1	 76	 68
2	 161	 158
3	 1	 2
4	 185	 186
5	 73	 64
6	 49	 46
7	 123	 130
8	 40	 38
9	 152	 146
10	 63	 60
11	 96	 87
12	 142	 141
13	 67	 63
14	 167	 171
15	 62	 60
16	 103	 103
17	 128	 134
18	 19	 20
19	 199	 194
20	 117	 119
21	 112	 110
22	 151	 145
23	 115	 116
24	 89	 81
25	 37	 37
26	 170	 174
27	 160	 158
28	 78	 71
29	 108	 104
30	 119	 124
31	 37	 37
32	 24	 27
33	 151	 145
34	 122	 129
35	 88	 79
36	 14	 17
37	 120	 125
38	 74	 66
39	 52	 47
40	 56	 48
41	 162	 159
42	 102	 97
43	 50	 47
44	 77	 70
45	 59	 53
46	 199	 199
47	 33	 35
48	 165	 164
49	 179	 183
50	 190	 189
51	 4	 5
52	 112	 109
53	 66	 63
54	 197	 194
55	 199	 195
56	 81	 73
57	 110	 106
58	 56	 50
59	 102	 96
60	 157	 154
61	 24	 27
62	 103	 98
63	 172	 182
64	 85	 76
65	 33	 35
66	 95	 86
67	 45	 42
68	 134	 136
69	 23	 26
70	 171	 180
71	 156	 153
72	 111	 109
73	 126	 132
74	 91	 81
75	 155	 148
76	 37	 36
77	 159	 154
78	 30	 33
79	 123	 130
80	 115	 114
81	 177	 182
82	 26	 31
83	 79	 72
84	 2	 4
85	 46	 42
86	 113	 111
87	 91	 82
88	 100	 93
89	 31	 33
90	 86	 77
91	 62	 60
92	 60	 56
93	 116	 116
94	 169	 173
95	 162	 162
96	 16	 19
97	 171	 177
98	 110	 106
99	 79	 72
100	 145	 144
101	 173	 182
102	 92	 82
103	 23	 25
104	 82	 76
105	 21	 24
106	 122	 129
107	 141	 140
108	 110	 105
109	 47	 46
110	 59	 54
111	 13	 17
112	 21	 24
113	 135	 137
114	 167	 169
115	 7	 8
116	 171	 176
117	 156	 151
118	 94	 85
119	 43	 39
120	 29	 32
121	 194	 190
122	 117	 118
123	 36	 36
124	 77	 70
125	 61	 59
126	 132	 135
127	 77	 71
128	 153	 147
129	 98	 91
130	 20	 22
131	 55	 48
132	 124	 131
133	 113	 112
134	 120	 125
135	 81	 75
136	 87	 77
137	 177	 182
138	 128	 134
139	 137	 139
140	 129	 134
141	 138	 139
142	 156	 153
143	 47	 43
144	 84	 76
145	 6	 7
146	 9	 15
147	 34	 36
148	 73	 64
149	 100	 93
150	 9	 10
151	 15	 17
152	 184	 185
153	 66	 62
154	 122	 127
155	 39	 38
156	 44	 42
157	 53	 47
158	 144	 143
159	 163	 164
160	 61	 56
161	 56	 50
162	 184	 186
163	 165	 164
164	 191	 190
165	 186	 189
166	 163	 164
167	 195	 193
168	 17	 19
169	 118	 122
170	 125	 131
171	 64	 61
172	 57	 50
173	 82	 76
174	 96	 90
175	 179	 182
176	 161	 158
177	 138	 139
178	 7	 7
179	 25	 29
180	 74	 66
181	 121	 127
182	 155	 149
183	 68	 64
184	 74	 66
185	 182	 184
186	 47	 43
187	 101	 95
188	 37	 37
189	 172	 180
190	 76	 69
191	 134	 135
192	 111	 109
193	 146	 144
194	 126	 133
195	 150	 144
196	 30	 32
197	 168	 172
198	 196	 194
199	 182	 183
200	 119	 124
;
Edge List :=
 2	 16
2	 17
2	 19
2	 26
2	 33
2	 34
2	 43
2	 50
2	 56
2	 62
2	 74
2	 78
2	 86
2	 90
2	 94
2	 95
2	 102
2	 105
2	 108
2	 111
2	 113
2	 118
2	 126
2	 129
2	 142
2	 144
2	 158
2	 166
2	 168
2	 173
2	 175
2	 179
2	 192
2	 199
2	 200
1	 5
1	 7
1	 9
1	 22
1	 26
1	 31
1	 33
1	 35
1	 37
1	 38
1	 41
1	 50
1	 53
1	 62
1	 65
1	 78
1	 82
1	 86
1	 87
1	 90
1	 91
1	 95
1	 98
1	 101
1	 102
1	 106
1	 107
1	 113
1	 117
1	 119
1	 125
1	 126
1	 127
1	 136
1	 137
1	 142
1	 143
1	 144
1	 145
1	 152
1	 153
1	 158
1	 159
1	 166
1	 167
1	 168
1	 174
1	 176
1	 178
1	 180
1	 182
1	 183
1	 184
1	 190
1	 192
1	 193
1	 195
1	 199
3	 7
3	 15
3	 22
3	 25
3	 26
3	 33
3	 37
3	 41
3	 45
3	 48
3	 49
3	 57
3	 60
3	 62
3	 65
3	 67
3	 69
3	 74
3	 91
3	 98
3	 101
3	 102
3	 103
3	 105
3	 106
3	 107
3	 113
3	 117
3	 120
3	 136
3	 137
3	 141
3	 142
3	 143
3	 145
3	 148
3	 152
3	 166
3	 179
3	 182
3	 190
3	 194
3	 199
4	 12
4	 16
4	 19
4	 21
4	 22
4	 25
4	 28
4	 29
4	 33
4	 41
4	 44
4	 45
4	 50
4	 53
4	 62
4	 64
4	 69
4	 74
4	 78
4	 81
4	 85
4	 86
4	 91
4	 93
4	 95
4	 98
4	 100
4	 105
4	 112
4	 113
4	 116
4	 126
4	 127
4	 136
4	 142
4	 143
4	 144
4	 145
4	 158
4	 163
4	 167
4	 168
4	 170
4	 172
4	 173
4	 175
4	 177
4	 182
4	 183
4	 186
4	 190
4	 195
5	 8
5	 9
5	 10
5	 11
5	 15
5	 18
5	 20
5	 21
5	 24
5	 28
5	 29
5	 30
5	 33
5	 36
5	 42
5	 43
5	 47
5	 48
5	 49
5	 51
5	 56
5	 57
5	 62
5	 63
5	 65
5	 66
5	 67
5	 68
5	 69
5	 70
5	 71
5	 73
5	 75
5	 77
5	 79
5	 85
5	 87
5	 88
5	 89
5	 92
5	 94
5	 96
5	 97
5	 99
5	 100
5	 104
5	 108
5	 109
5	 112
5	 115
5	 119
5	 121
5	 123
5	 124
5	 127
5	 129
5	 130
5	 131
5	 132
5	 134
5	 138
5	 147
5	 149
5	 151
5	 153
5	 155
5	 157
5	 159
5	 161
5	 162
5	 164
5	 166
5	 170
5	 171
5	 179
5	 183
5	 184
5	 186
5	 187
5	 189
5	 191
5	 200
6	 7
6	 10
6	 14
6	 19
6	 25
6	 27
6	 28
6	 33
6	 38
6	 39
6	 41
6	 42
6	 45
6	 53
6	 59
6	 62
6	 65
6	 69
6	 78
6	 83
6	 86
6	 90
6	 91
6	 93
6	 98
6	 99
6	 101
6	 102
6	 106
6	 107
6	 113
6	 115
6	 126
6	 136
6	 142
6	 143
6	 144
6	 145
6	 149
6	 158
6	 166
6	 167
6	 169
6	 173
6	 182
6	 183
6	 186
6	 190
6	 195
6	 196
7	 9
7	 10
7	 11
7	 13
7	 15
7	 17
7	 18
7	 20
7	 21
7	 24
7	 27
7	 29
7	 30
7	 31
7	 32
7	 34
7	 38
7	 41
7	 43
7	 47
7	 51
7	 54
7	 58
7	 60
7	 61
7	 66
7	 67
7	 68
7	 70
7	 71
7	 75
7	 77
7	 78
7	 79
7	 81
7	 85
7	 88
7	 92
7	 95
7	 96
7	 97
7	 104
7	 108
7	 109
7	 110
7	 111
7	 116
7	 118
7	 119
7	 120
7	 121
7	 124
7	 129
7	 130
7	 133
7	 134
7	 135
7	 139
7	 140
7	 141
7	 144
7	 146
7	 147
7	 148
7	 149
7	 150
7	 156
7	 157
7	 159
7	 160
7	 161
7	 162
7	 163
7	 164
7	 168
7	 169
7	 170
7	 172
7	 173
7	 176
7	 180
7	 181
7	 185
7	 187
7	 191
7	 192
7	 194
7	 197
8	 11
8	 16
8	 19
8	 25
8	 26
8	 28
8	 37
8	 38
8	 41
8	 44
8	 45
8	 50
8	 52
8	 62
8	 65
8	 68
8	 78
8	 82
8	 86
8	 89
8	 91
8	 95
8	 97
8	 101
8	 113
8	 117
8	 121
8	 125
8	 128
8	 136
8	 137
8	 138
8	 140
8	 144
8	 145
8	 152
8	 166
8	 173
8	 176
8	 177
8	 179
8	 182
8	 183
8	 190
8	 192
8	 195
8	 198
8	 199
9	 14
9	 22
9	 26
9	 31
9	 35
9	 37
9	 38
9	 44
9	 45
9	 50
9	 53
9	 59
9	 64
9	 65
9	 69
9	 74
9	 82
9	 86
9	 87
9	 93
9	 98
9	 101
9	 102
9	 105
9	 107
9	 113
9	 117
9	 119
9	 126
9	 127
9	 136
9	 137
9	 142
9	 143
9	 144
9	 145
9	 152
9	 153
9	 159
9	 166
9	 173
9	 174
9	 176
9	 178
9	 179
9	 180
9	 182
9	 183
9	 184
9	 186
9	 190
9	 193
10	 14
10	 16
10	 25
10	 26
10	 27
10	 28
10	 33
10	 38
10	 39
10	 41
10	 42
10	 53
10	 62
10	 64
10	 69
10	 78
10	 83
10	 86
10	 91
10	 98
10	 99
10	 101
10	 102
10	 105
10	 113
10	 115
10	 137
10	 143
10	 144
10	 148
10	 149
10	 152
10	 158
10	 166
10	 167
10	 168
10	 169
10	 173
10	 178
10	 179
10	 183
10	 192
10	 196
11	 16
11	 19
11	 26
11	 33
11	 41
11	 45
11	 52
11	 68
11	 82
11	 86
11	 89
11	 90
11	 91
11	 93
11	 95
11	 97
11	 101
11	 102
11	 105
11	 106
11	 107
11	 113
11	 117
11	 121
11	 125
11	 126
11	 127
11	 128
11	 136
11	 138
11	 140
11	 142
11	 143
11	 145
11	 148
11	 167
11	 168
11	 176
11	 182
11	 190
11	 198
11	 199
12	 14
12	 21
12	 22
12	 25
12	 26
12	 28
12	 29
12	 33
12	 37
12	 45
12	 50
12	 62
12	 64
12	 69
12	 74
12	 78
12	 81
12	 85
12	 86
12	 90
12	 91
12	 100
12	 101
12	 102
12	 105
12	 106
12	 112
12	 113
12	 116
12	 125
12	 142
12	 143
12	 144
12	 152
12	 163
12	 168
12	 170
12	 172
12	 173
12	 177
12	 179
12	 182
12	 183
12	 186
12	 190
12	 199
13	 16
13	 28
13	 33
13	 38
13	 41
13	 45
13	 50
13	 61
13	 62
13	 65
13	 66
13	 72
13	 74
13	 78
13	 79
13	 84
13	 86
13	 90
13	 91
13	 92
13	 95
13	 98
13	 101
13	 102
13	 105
13	 113
13	 125
13	 126
13	 127
13	 131
13	 136
13	 137
13	 142
13	 145
13	 152
13	 156
13	 161
13	 167
13	 178
13	 186
13	 189
14	 15
14	 18
14	 20
14	 23
14	 24
14	 29
14	 31
14	 32
14	 35
14	 46
14	 49
14	 52
14	 54
14	 55
14	 57
14	 59
14	 66
14	 71
14	 76
14	 79
14	 80
14	 84
14	 87
14	 89
14	 90
14	 91
14	 92
14	 94
14	 96
14	 97
14	 98
14	 101
14	 104
14	 110
14	 111
14	 112
14	 113
14	 115
14	 116
14	 118
14	 120
14	 122
14	 123
14	 124
14	 128
14	 130
14	 131
14	 132
14	 133
14	 134
14	 135
14	 137
14	 139
14	 140
14	 146
14	 150
14	 152
14	 155
14	 157
14	 159
14	 160
14	 161
14	 162
14	 163
14	 165
14	 167
14	 169
14	 174
14	 180
14	 185
14	 193
14	 198
14	 199
15	 19
15	 22
15	 28
15	 41
15	 44
15	 48
15	 49
15	 50
15	 53
15	 57
15	 60
15	 62
15	 64
15	 65
15	 67
15	 74
15	 86
15	 90
15	 91
15	 93
15	 98
15	 101
15	 102
15	 103
15	 105
15	 106
15	 107
15	 120
15	 125
15	 126
15	 127
15	 137
15	 141
15	 142
15	 152
15	 158
15	 173
15	 175
15	 176
15	 182
15	 190
15	 194
15	 195
16	 22
16	 23
16	 24
16	 30
16	 32
16	 34
16	 35
16	 36
16	 37
16	 39
16	 40
16	 42
16	 43
16	 46
16	 47
16	 48
16	 51
16	 55
16	 57
16	 58
16	 60
16	 61
16	 63
16	 64
16	 66
16	 68
16	 72
16	 75
16	 76
16	 77
16	 82
16	 83
16	 85
16	 87
16	 88
16	 89
16	 92
16	 96
16	 97
16	 100
16	 103
16	 104
16	 106
16	 109
16	 112
16	 114
16	 115
16	 118
16	 119
16	 121
16	 122
16	 124
16	 129
16	 130
16	 133
16	 134
16	 135
16	 145
16	 146
16	 149
16	 150
16	 151
16	 154
16	 157
16	 158
16	 159
16	 160
16	 163
16	 165
16	 169
16	 170
16	 171
16	 172
16	 174
16	 177
16	 180
16	 182
16	 184
16	 188
16	 189
16	 190
16	 191
16	 196
16	 197
17	 22
17	 28
17	 34
17	 37
17	 38
17	 41
17	 43
17	 44
17	 45
17	 50
17	 53
17	 56
17	 59
17	 62
17	 65
17	 69
17	 82
17	 86
17	 91
17	 94
17	 98
17	 101
17	 108
17	 111
17	 117
17	 118
17	 125
17	 129
17	 144
17	 145
17	 152
17	 158
17	 166
17	 168
17	 173
17	 175
17	 178
17	 179
17	 183
17	 186
17	 192
17	 195
17	 199
17	 200
18	 19
18	 22
18	 23
18	 24
18	 28
18	 30
18	 33
18	 36
18	 38
18	 41
18	 53
18	 62
18	 65
18	 69
18	 71
18	 73
18	 82
18	 93
18	 98
18	 101
18	 106
18	 107
18	 125
18	 126
18	 127
18	 130
18	 134
18	 136
18	 137
18	 142
18	 143
18	 144
18	 145
18	 148
18	 152
18	 173
18	 176
18	 185
18	 186
18	 187
18	 192
18	 195
19	 20
19	 21
19	 23
19	 24
19	 25
19	 27
19	 29
19	 34
19	 35
19	 36
19	 40
19	 42
19	 43
19	 44
19	 47
19	 49
19	 50
19	 51
19	 52
19	 53
19	 54
19	 67
19	 68
19	 71
19	 75
19	 77
19	 81
19	 84
19	 85
19	 92
19	 94
19	 97
19	 99
19	 100
19	 102
19	 104
19	 105
19	 108
19	 111
19	 115
19	 116
19	 117
19	 120
19	 121
19	 122
19	 129
19	 132
19	 133
19	 134
19	 138
19	 139
19	 140
19	 141
19	 142
19	 143
19	 146
19	 149
19	 150
19	 153
19	 154
19	 157
19	 159
19	 162
19	 163
19	 164
19	 169
19	 170
19	 171
19	 172
19	 180
19	 187
19	 191
19	 194
19	 195
19	 196
19	 198
20	 22
20	 25
20	 26
20	 32
20	 33
20	 38
20	 41
20	 45
20	 50
20	 51
20	 53
20	 59
20	 62
20	 64
20	 65
20	 69
20	 74
20	 77
20	 82
20	 91
20	 93
20	 102
20	 104
20	 105
20	 107
20	 114
20	 117
20	 125
20	 126
20	 133
20	 135
20	 137
20	 143
20	 146
20	 148
20	 152
20	 154
20	 158
20	 167
20	 168
20	 173
20	 175
20	 179
20	 182
20	 191
20	 195
20	 199
21	 22
21	 25
21	 28
21	 29
21	 37
21	 41
21	 45
21	 50
21	 53
21	 59
21	 69
21	 74
21	 78
21	 81
21	 82
21	 85
21	 90
21	 91
21	 95
21	 100
21	 101
21	 102
21	 106
21	 107
21	 112
21	 116
21	 117
21	 125
21	 127
21	 136
21	 142
21	 143
21	 145
21	 148
21	 152
21	 158
21	 163
21	 166
21	 170
21	 172
21	 178
21	 179
21	 182
21	 183
21	 190
21	 192
21	 195
21	 199
22	 23
22	 27
22	 30
22	 31
22	 37
22	 39
22	 40
22	 42
22	 46
22	 49
22	 51
22	 52
22	 54
22	 55
22	 56
22	 60
22	 64
22	 66
22	 68
22	 70
22	 73
22	 75
22	 79
22	 80
22	 81
22	 82
22	 83
22	 84
22	 85
22	 89
22	 92
22	 97
22	 100
22	 104
22	 106
22	 108
22	 109
22	 114
22	 116
22	 118
22	 119
22	 122
22	 124
22	 128
22	 130
22	 132
22	 133
22	 134
22	 135
22	 139
22	 145
22	 146
22	 147
22	 149
22	 150
22	 153
22	 156
22	 158
22	 160
22	 161
22	 162
22	 172
22	 174
22	 177
22	 180
22	 182
22	 185
22	 187
22	 189
22	 190
22	 191
22	 193
22	 196
22	 197
22	 200
23	 24
23	 28
23	 30
23	 36
23	 41
23	 44
23	 45
23	 50
23	 53
23	 62
23	 69
23	 71
23	 73
23	 74
23	 78
23	 86
23	 90
23	 91
23	 95
23	 102
23	 105
23	 106
23	 107
23	 113
23	 126
23	 127
23	 130
23	 134
23	 136
23	 137
23	 142
23	 143
23	 144
23	 152
23	 158
23	 166
23	 167
23	 168
23	 178
23	 182
23	 183
23	 185
23	 186
23	 187
23	 190
23	 195
24	 25
24	 26
24	 30
24	 36
24	 37
24	 38
24	 41
24	 44
24	 45
24	 50
24	 53
24	 59
24	 64
24	 65
24	 71
24	 73
24	 74
24	 78
24	 86
24	 98
24	 102
24	 105
24	 106
24	 117
24	 126
24	 127
24	 130
24	 134
24	 143
24	 152
24	 166
24	 168
24	 173
24	 175
24	 177
24	 178
24	 182
24	 183
24	 185
24	 187
24	 190
24	 192
24	 195
24	 199
25	 27
25	 31
25	 35
25	 36
25	 40
25	 42
25	 44
25	 46
25	 47
25	 49
25	 50
25	 51
25	 52
25	 53
25	 56
25	 57
25	 60
25	 66
25	 67
25	 73
25	 79
25	 83
25	 84
25	 85
25	 87
25	 88
25	 89
25	 92
25	 96
25	 97
25	 99
25	 102
25	 104
25	 105
25	 108
25	 110
25	 111
25	 114
25	 117
25	 118
25	 119
25	 120
25	 121
25	 122
25	 123
25	 130
25	 131
25	 132
25	 135
25	 138
25	 139
25	 140
25	 142
25	 143
25	 146
25	 149
25	 153
25	 154
25	 156
25	 157
25	 159
25	 160
25	 161
25	 163
25	 164
25	 165
25	 169
25	 172
25	 174
25	 181
25	 184
25	 187
25	 188
25	 189
25	 191
25	 194
25	 195
25	 196
26	 29
26	 32
26	 35
26	 36
26	 39
26	 43
26	 45
26	 46
26	 47
26	 49
26	 54
26	 55
26	 56
26	 57
26	 58
26	 60
26	 61
26	 63
26	 67
26	 73
26	 74
26	 75
26	 76
26	 81
26	 84
26	 86
26	 89
26	 93
26	 94
26	 96
26	 97
26	 99
26	 103
26	 107
26	 109
26	 112
26	 119
26	 124
26	 125
26	 126
26	 128
26	 130
26	 132
26	 133
26	 134
26	 135
26	 136
26	 138
26	 139
26	 141
26	 146
26	 150
26	 151
26	 153
26	 155
26	 159
26	 161
26	 169
26	 170
26	 171
26	 172
26	 175
26	 178
26	 181
26	 184
26	 185
26	 187
26	 188
26	 189
26	 193
26	 196
26	 197
27	 28
27	 33
27	 37
27	 39
27	 42
27	 44
27	 50
27	 59
27	 64
27	 65
27	 74
27	 78
27	 83
27	 95
27	 99
27	 101
27	 102
27	 107
27	 115
27	 117
27	 125
27	 137
27	 143
27	 145
27	 148
27	 149
27	 167
27	 169
27	 173
27	 175
27	 178
27	 182
27	 183
27	 186
27	 190
27	 195
27	 196
27	 199
28	 31
28	 33
28	 34
28	 36
28	 39
28	 43
28	 49
28	 51
28	 54
28	 55
28	 57
28	 58
28	 60
28	 62
28	 63
28	 65
28	 67
28	 68
28	 69
28	 70
28	 71
28	 72
28	 75
28	 76
28	 77
28	 81
28	 83
28	 84
28	 87
28	 88
28	 89
28	 92
28	 96
28	 99
28	 100
28	 103
28	 104
28	 108
28	 109
28	 110
28	 118
28	 119
28	 120
28	 121
28	 122
28	 123
28	 127
28	 128
28	 129
28	 133
28	 134
28	 139
28	 141
28	 149
28	 150
28	 151
28	 157
28	 159
28	 161
28	 162
28	 164
28	 166
28	 171
28	 172
28	 174
28	 179
28	 181
28	 183
28	 184
28	 185
28	 186
28	 187
28	 188
28	 189
28	 191
28	 194
28	 197
29	 37
29	 38
29	 45
29	 53
29	 65
29	 69
29	 74
29	 78
29	 81
29	 85
29	 90
29	 91
29	 95
29	 100
29	 105
29	 112
29	 113
29	 116
29	 125
29	 145
29	 148
29	 152
29	 163
29	 166
29	 168
29	 170
29	 172
29	 173
29	 175
29	 177
29	 179
29	 182
29	 186
29	 190
29	 192
29	 195
29	 199
30	 36
30	 37
30	 41
30	 44
30	 45
30	 65
30	 71
30	 73
30	 74
30	 82
30	 91
30	 93
30	 95
30	 98
30	 101
30	 102
30	 105
30	 106
30	 113
30	 117
30	 126
30	 127
30	 130
30	 134
30	 136
30	 137
30	 142
30	 158
30	 166
30	 167
30	 168
30	 173
30	 177
30	 179
30	 182
30	 183
30	 185
30	 186
30	 187
30	 192
31	 35
31	 41
31	 44
31	 59
31	 64
31	 78
31	 82
31	 86
31	 87
31	 101
31	 102
31	 106
31	 107
31	 117
31	 119
31	 125
31	 143
31	 144
31	 145
31	 148
31	 152
31	 153
31	 158
31	 159
31	 173
31	 174
31	 178
31	 180
31	 184
31	 192
31	 193
31	 195
31	 199
32	 33
32	 41
32	 44
32	 50
32	 51
32	 53
32	 59
32	 64
32	 69
32	 74
32	 77
32	 82
32	 90
32	 91
32	 98
32	 101
32	 104
32	 107
32	 113
32	 114
32	 117
32	 125
32	 133
32	 135
32	 142
32	 143
32	 144
32	 145
32	 146
32	 148
32	 154
32	 166
32	 167
32	 176
32	 177
32	 178
32	 179
32	 183
32	 186
32	 191
32	 199
33	 35
33	 39
33	 43
33	 46
33	 48
33	 49
33	 51
33	 54
33	 57
33	 61
33	 62
33	 63
33	 65
33	 66
33	 68
33	 69
33	 70
33	 72
33	 75
33	 77
33	 79
33	 80
33	 81
33	 83
33	 84
33	 85
33	 87
33	 88
33	 89
33	 92
33	 94
33	 96
33	 97
33	 99
33	 100
33	 104
33	 109
33	 110
33	 111
33	 118
33	 120
33	 124
33	 127
33	 131
33	 135
33	 138
33	 139
33	 140
33	 141
33	 146
33	 147
33	 150
33	 154
33	 156
33	 157
33	 160
33	 161
33	 162
33	 164
33	 165
33	 166
33	 170
33	 172
33	 179
33	 180
33	 181
33	 183
33	 185
33	 186
33	 188
33	 189
33	 191
33	 193
33	 194
33	 196
33	 198
34	 41
34	 43
34	 44
34	 45
34	 50
34	 53
34	 56
34	 59
34	 65
34	 78
34	 82
34	 90
34	 94
34	 95
34	 101
34	 102
34	 107
34	 108
34	 111
34	 117
34	 118
34	 125
34	 129
34	 137
34	 143
34	 144
34	 145
34	 148
34	 152
34	 168
34	 173
34	 176
34	 177
34	 179
34	 183
34	 186
34	 190
34	 192
34	 199
34	 200
35	 37
35	 38
35	 41
35	 44
35	 53
35	 62
35	 65
35	 69
35	 78
35	 82
35	 87
35	 91
35	 93
35	 101
35	 106
35	 107
35	 119
35	 125
35	 136
35	 137
35	 143
35	 144
35	 145
35	 152
35	 153
35	 158
35	 159
35	 166
35	 167
35	 168
35	 173
35	 174
35	 180
35	 182
35	 184
35	 186
35	 190
35	 192
35	 193
35	 195
36	 37
36	 38
36	 53
36	 59
36	 64
36	 71
36	 73
36	 74
36	 78
36	 82
36	 86
36	 90
36	 91
36	 93
36	 95
36	 106
36	 107
36	 113
36	 125
36	 130
36	 134
36	 136
36	 137
36	 143
36	 144
36	 148
36	 166
36	 167
36	 168
36	 175
36	 183
36	 185
36	 187
37	 39
37	 42
37	 43
37	 46
37	 48
37	 49
37	 56
37	 57
37	 60
37	 61
37	 63
37	 64
37	 67
37	 72
37	 73
37	 75
37	 77
37	 79
37	 80
37	 81
37	 82
37	 83
37	 87
37	 88
37	 92
37	 96
37	 106
37	 108
37	 109
37	 110
37	 114
37	 116
37	 121
37	 122
37	 128
37	 131
37	 132
37	 134
37	 138
37	 139
37	 145
37	 147
37	 151
37	 154
37	 156
37	 157
37	 158
37	 159
37	 160
37	 165
37	 169
37	 170
37	 171
37	 174
37	 177
37	 181
37	 182
37	 184
37	 185
37	 188
37	 189
37	 190
37	 191
37	 193
37	 197
37	 198
37	 200
38	 41
38	 42
38	 43
38	 46
38	 47
38	 49
38	 51
38	 52
38	 54
38	 57
38	 60
38	 61
38	 63
38	 66
38	 67
38	 68
38	 70
38	 72
38	 73
38	 75
38	 76
38	 77
38	 78
38	 79
38	 80
38	 81
38	 83
38	 89
38	 95
38	 97
38	 99
38	 100
38	 103
38	 108
38	 110
38	 111
38	 112
38	 114
38	 116
38	 122
38	 124
38	 128
38	 130
38	 131
38	 132
38	 133
38	 134
38	 135
38	 141
38	 144
38	 147
38	 148
38	 149
38	 153
38	 156
38	 157
38	 161
38	 162
38	 163
38	 164
38	 165
38	 168
38	 169
38	 173
38	 174
38	 176
38	 180
38	 181
38	 184
38	 187
38	 188
38	 191
38	 192
38	 194
38	 196
38	 197
38	 198
38	 200
39	 41
39	 42
39	 44
39	 45
39	 50
39	 59
39	 69
39	 74
39	 82
39	 83
39	 86
39	 90
39	 91
39	 95
39	 99
39	 102
39	 105
39	 106
39	 113
39	 115
39	 117
39	 125
39	 126
39	 136
39	 137
39	 143
39	 144
39	 149
39	 152
39	 158
39	 168
39	 169
39	 173
39	 175
39	 177
39	 178
39	 182
39	 183
39	 186
39	 190
39	 192
39	 196
39	 199
40	 41
40	 44
40	 45
40	 54
40	 55
40	 58
40	 59
40	 62
40	 63
40	 64
40	 65
40	 74
40	 80
40	 93
40	 95
40	 101
40	 102
40	 105
40	 109
40	 124
40	 127
40	 136
40	 142
40	 144
40	 145
40	 147
40	 148
40	 158
40	 164
40	 168
40	 175
40	 176
40	 177
40	 178
40	 179
40	 182
40	 183
40	 186
40	 195
40	 197
40	 199
41	 52
41	 54
41	 55
41	 56
41	 57
41	 63
41	 67
41	 68
41	 70
41	 71
41	 72
41	 73
41	 76
41	 77
41	 78
41	 81
41	 83
41	 84
41	 85
41	 95
41	 97
41	 99
41	 103
41	 109
41	 110
41	 114
41	 115
41	 118
41	 119
41	 120
41	 122
41	 124
41	 129
41	 131
41	 132
41	 133
41	 135
41	 139
41	 144
41	 146
41	 147
41	 148
41	 149
41	 150
41	 153
41	 154
41	 155
41	 157
41	 160
41	 161
41	 163
41	 164
41	 165
41	 168
41	 169
41	 170
41	 172
41	 173
41	 174
41	 176
41	 188
41	 189
41	 191
41	 192
41	 197
41	 198
42	 44
42	 45
42	 53
42	 62
42	 64
42	 69
42	 74
42	 78
42	 82
42	 83
42	 86
42	 90
42	 95
42	 98
42	 99
42	 102
42	 106
42	 107
42	 115
42	 117
42	 144
42	 149
42	 152
42	 158
42	 166
42	 167
42	 168
42	 169
42	 176
42	 182
42	 183
42	 190
42	 192
42	 196
42	 199
43	 44
43	 45
43	 56
43	 62
43	 86
43	 90
43	 91
43	 93
43	 94
43	 95
43	 98
43	 101
43	 106
43	 107
43	 108
43	 111
43	 118
43	 126
43	 129
43	 136
43	 143
43	 148
43	 152
43	 166
43	 168
43	 173
43	 177
43	 178
43	 179
43	 186
43	 190
43	 192
43	 195
43	 199
43	 200
44	 46
44	 48
44	 50
44	 52
44	 53
44	 54
44	 55
44	 57
44	 61
44	 66
44	 67
44	 68
44	 72
44	 75
44	 76
44	 81
44	 84
44	 87
44	 88
44	 89
44	 92
44	 99
44	 102
44	 104
44	 105
44	 109
44	 112
44	 115
44	 116
44	 117
44	 118
44	 121
44	 124
44	 129
44	 132
44	 134
44	 140
44	 141
44	 142
44	 143
44	 149
44	 150
44	 151
44	 153
44	 156
44	 157
44	 159
44	 160
44	 162
44	 165
44	 169
44	 170
44	 171
44	 172
44	 174
44	 181
44	 187
44	 188
44	 189
44	 193
44	 194
44	 195
44	 196
44	 197
44	 198
45	 47
45	 49
45	 51
45	 57
45	 60
45	 61
45	 66
45	 70
45	 71
45	 73
45	 74
45	 75
45	 76
45	 77
45	 79
45	 81
45	 83
45	 84
45	 85
45	 86
45	 88
45	 89
45	 92
45	 93
45	 94
45	 99
45	 100
45	 104
45	 107
45	 108
45	 109
45	 111
45	 114
45	 116
45	 118
45	 120
45	 123
45	 124
45	 125
45	 126
45	 131
45	 132
45	 133
45	 134
45	 136
45	 139
45	 146
45	 147
45	 149
45	 150
45	 151
45	 153
45	 155
45	 157
45	 159
45	 161
45	 162
45	 164
45	 170
45	 171
45	 172
45	 175
45	 178
45	 180
45	 181
45	 187
45	 188
45	 191
45	 193
45	 196
46	 50
46	 53
46	 62
46	 65
46	 74
46	 82
46	 86
46	 88
46	 93
46	 96
46	 105
46	 106
46	 110
46	 113
46	 117
46	 123
46	 132
46	 137
46	 151
46	 152
46	 158
46	 160
46	 162
46	 166
46	 168
46	 171
46	 173
46	 188
46	 190
46	 199
47	 59
47	 62
47	 64
47	 69
47	 70
47	 74
47	 75
47	 76
47	 93
47	 95
47	 98
47	 106
47	 107
47	 113
47	 122
47	 125
47	 126
47	 136
47	 137
47	 139
47	 144
47	 145
47	 150
47	 155
47	 157
47	 158
47	 165
47	 166
47	 167
47	 168
47	 173
47	 175
47	 176
47	 179
47	 181
47	 182
47	 183
47	 192
48	 49
48	 50
48	 57
48	 60
48	 65
48	 67
48	 69
48	 78
48	 86
48	 90
48	 91
48	 101
48	 102
48	 103
48	 105
48	 106
48	 117
48	 120
48	 126
48	 127
48	 136
48	 137
48	 141
48	 142
48	 145
48	 148
48	 152
48	 166
48	 168
48	 175
48	 176
48	 177
48	 178
48	 179
48	 182
48	 183
48	 186
48	 192
48	 194
48	 199
49	 50
49	 53
49	 57
49	 60
49	 65
49	 67
49	 69
49	 74
49	 78
49	 86
49	 90
49	 91
49	 93
49	 98
49	 101
49	 102
49	 103
49	 105
49	 107
49	 113
49	 117
49	 120
49	 125
49	 126
49	 136
49	 141
49	 143
49	 145
49	 158
49	 166
49	 175
49	 176
49	 177
49	 178
49	 179
49	 182
49	 186
49	 194
49	 195
50	 52
50	 53
50	 55
50	 57
50	 60
50	 66
50	 68
50	 70
50	 72
50	 73
50	 81
50	 83
50	 84
50	 87
50	 89
50	 92
50	 94
50	 99
50	 102
50	 105
50	 108
50	 110
50	 111
50	 112
50	 114
50	 115
50	 116
50	 117
50	 119
50	 120
50	 124
50	 128
50	 129
50	 132
50	 133
50	 134
50	 135
50	 139
50	 142
50	 143
50	 146
50	 147
50	 149
50	 150
50	 151
50	 154
50	 155
50	 157
50	 159
50	 161
50	 163
50	 165
50	 170
50	 174
50	 180
50	 185
50	 187
50	 191
50	 193
50	 194
50	 195
50	 196
50	 197
50	 198
51	 62
51	 69
51	 74
51	 77
51	 82
51	 90
51	 93
51	 95
51	 98
51	 101
51	 104
51	 105
51	 107
51	 113
51	 114
51	 125
51	 126
51	 127
51	 133
51	 135
51	 136
51	 137
51	 143
51	 145
51	 146
51	 152
51	 154
51	 166
51	 168
51	 173
51	 175
51	 177
51	 183
51	 186
51	 191
52	 53
52	 59
52	 68
52	 82
52	 86
52	 89
52	 90
52	 91
52	 93
52	 95
52	 97
52	 117
52	 121
52	 125
52	 128
52	 137
52	 138
52	 140
52	 142
52	 143
52	 158
52	 166
52	 168
52	 173
52	 178
52	 179
52	 186
52	 195
52	 198
52	 199
53	 54
53	 55
53	 56
53	 57
53	 60
53	 61
53	 63
53	 66
53	 72
53	 79
53	 88
53	 89
53	 92
53	 94
53	 96
53	 97
53	 102
53	 104
53	 105
53	 110
53	 111
53	 112
53	 114
53	 117
53	 118
53	 122
53	 123
53	 124
53	 133
53	 134
53	 135
53	 139
53	 140
53	 141
53	 142
53	 143
53	 146
53	 147
53	 150
53	 151
53	 153
53	 154
53	 156
53	 163
53	 170
53	 171
53	 185
53	 187
53	 189
53	 195
53	 197
53	 198
53	 200
54	 55
54	 58
54	 63
54	 64
54	 65
54	 69
54	 74
54	 78
54	 80
54	 82
54	 93
54	 95
54	 98
54	 101
54	 106
54	 109
54	 113
54	 117
54	 124
54	 125
54	 127
54	 136
54	 137
54	 142
54	 144
54	 145
54	 147
54	 148
54	 158
54	 164
54	 167
54	 173
54	 175
54	 183
54	 186
54	 192
54	 197
54	 199
55	 58
55	 59
55	 63
55	 69
55	 74
55	 80
55	 86
55	 91
55	 93
55	 98
55	 101
55	 102
55	 107
55	 109
55	 113
55	 117
55	 124
55	 125
55	 126
55	 127
55	 136
55	 137
55	 143
55	 145
55	 147
55	 148
55	 158
55	 164
55	 166
55	 168
55	 173
55	 175
55	 176
55	 178
55	 179
55	 183
55	 186
55	 192
55	 195
55	 197
55	 199
56	 59
56	 64
56	 90
56	 91
56	 94
56	 95
56	 98
56	 101
56	 102
56	 105
56	 107
56	 108
56	 111
56	 118
56	 129
56	 143
56	 158
56	 167
56	 173
56	 175
56	 176
56	 177
56	 179
56	 183
56	 200
57	 59
57	 60
57	 62
57	 64
57	 65
57	 67
57	 78
57	 90
57	 93
57	 95
57	 101
57	 102
57	 103
57	 106
57	 113
57	 117
57	 120
57	 125
57	 126
57	 136
57	 137
57	 141
57	 143
57	 144
57	 145
57	 148
57	 166
57	 167
57	 178
57	 179
57	 186
57	 190
57	 192
57	 194
57	 195
58	 59
58	 63
58	 64
58	 69
58	 74
58	 78
58	 80
58	 90
58	 98
58	 101
58	 109
58	 117
58	 124
58	 127
58	 136
58	 137
58	 142
58	 143
58	 144
58	 147
58	 152
58	 158
58	 164
58	 168
58	 173
58	 178
58	 182
58	 190
58	 192
58	 197
59	 61
59	 63
59	 67
59	 70
59	 72
59	 73
59	 77
59	 81
59	 83
59	 85
59	 87
59	 88
59	 89
59	 90
59	 91
59	 92
59	 96
59	 97
59	 98
59	 100
59	 101
59	 104
59	 111
59	 113
59	 119
59	 120
59	 122
59	 128
59	 129
59	 132
59	 137
59	 138
59	 139
59	 141
59	 146
59	 150
59	 151
59	 152
59	 157
59	 159
59	 161
59	 162
59	 163
59	 165
59	 167
59	 169
59	 170
59	 172
59	 180
59	 181
59	 187
59	 188
59	 189
59	 193
59	 196
59	 197
59	 198
59	 199
60	 62
60	 64
60	 65
60	 67
60	 69
60	 78
60	 90
60	 91
60	 93
60	 95
60	 102
60	 103
60	 106
60	 107
60	 117
60	 120
60	 125
60	 127
60	 141
60	 142
60	 144
60	 145
60	 158
60	 166
60	 167
60	 168
60	 173
60	 177
60	 178
60	 179
60	 182
60	 183
60	 186
60	 192
60	 194
60	 199
61	 62
61	 64
61	 65
61	 66
61	 69
61	 72
61	 78
61	 79
61	 84
61	 86
61	 92
61	 93
61	 95
61	 102
61	 106
61	 107
61	 126
61	 131
61	 142
61	 143
61	 144
61	 148
61	 152
61	 156
61	 158
61	 161
61	 173
61	 189
61	 190
61	 192
61	 195
62	 65
62	 68
62	 69
62	 70
62	 71
62	 72
62	 75
62	 76
62	 77
62	 79
62	 80
62	 84
62	 85
62	 89
62	 99
62	 103
62	 104
62	 108
62	 111
62	 114
62	 115
62	 116
62	 118
62	 119
62	 120
62	 121
62	 122
62	 123
62	 124
62	 127
62	 128
62	 130
62	 131
62	 132
62	 134
62	 141
62	 146
62	 147
62	 149
62	 150
62	 155
62	 156
62	 157
62	 159
62	 160
62	 161
62	 165
62	 166
62	 170
62	 171
62	 172
62	 174
62	 179
62	 180
62	 181
62	 183
62	 184
62	 185
62	 186
62	 187
62	 193
62	 196
62	 198
62	 200
63	 64
63	 74
63	 78
63	 80
63	 91
63	 93
63	 95
63	 98
63	 101
63	 105
63	 106
63	 109
63	 113
63	 117
63	 124
63	 126
63	 127
63	 136
63	 144
63	 145
63	 147
63	 164
63	 167
63	 168
63	 175
63	 177
63	 178
63	 186
63	 190
63	 192
63	 197
64	 71
64	 75
64	 76
64	 79
64	 82
64	 85
64	 88
64	 92
64	 96
64	 97
64	 99
64	 104
64	 106
64	 111
64	 112
64	 119
64	 121
64	 124
64	 128
64	 131
64	 132
64	 133
64	 135
64	 138
64	 140
64	 145
64	 146
64	 149
64	 150
64	 154
64	 155
64	 156
64	 158
64	 162
64	 163
64	 164
64	 165
64	 169
64	 170
64	 171
64	 177
64	 180
64	 182
64	 185
64	 187
64	 189
64	 190
64	 191
64	 193
64	 196
65	 68
65	 69
65	 71
65	 72
65	 73
65	 76
65	 77
65	 80
65	 81
65	 83
65	 85
65	 92
65	 94
65	 96
65	 97
65	 99
65	 104
65	 109
65	 110
65	 111
65	 112
65	 114
65	 116
65	 120
65	 122
65	 123
65	 124
65	 127
65	 128
65	 130
65	 134
65	 139
65	 141
65	 146
65	 147
65	 150
65	 151
65	 153
65	 154
65	 156
65	 157
65	 160
65	 162
65	 164
65	 165
65	 166
65	 169
65	 170
65	 171
65	 174
65	 179
65	 180
65	 183
65	 186
65	 187
65	 188
65	 191
65	 193
65	 194
65	 196
65	 197
65	 198
65	 200
66	 72
66	 74
66	 78
66	 79
66	 82
66	 84
66	 90
66	 91
66	 92
66	 93
66	 95
66	 98
66	 102
66	 107
66	 117
66	 126
66	 131
66	 144
66	 145
66	 148
66	 152
66	 156
66	 158
66	 161
66	 166
66	 168
66	 173
66	 177
66	 178
66	 182
66	 186
66	 189
66	 195
67	 69
67	 74
67	 86
67	 90
67	 93
67	 95
67	 98
67	 101
67	 103
67	 105
67	 106
67	 120
67	 126
67	 137
67	 141
67	 142
67	 143
67	 145
67	 148
67	 152
67	 158
67	 166
67	 177
67	 178
67	 179
67	 182
67	 190
67	 194
67	 199
68	 74
68	 82
68	 89
68	 90
68	 95
68	 97
68	 98
68	 102
68	 105
68	 106
68	 107
68	 121
68	 125
68	 126
68	 127
68	 128
68	 136
68	 137
68	 138
68	 140
68	 143
68	 144
68	 148
68	 152
68	 166
68	 175
68	 177
68	 195
68	 198
69	 70
69	 72
69	 73
69	 76
69	 77
69	 79
69	 80
69	 84
69	 88
69	 89
69	 92
69	 96
69	 103
69	 111
69	 115
69	 118
69	 123
69	 124
69	 127
69	 128
69	 130
69	 134
69	 135
69	 138
69	 149
69	 150
69	 153
69	 155
69	 156
69	 159
69	 161
69	 162
69	 166
69	 170
69	 174
69	 179
69	 180
69	 183
69	 184
69	 185
69	 186
69	 187
69	 191
69	 194
69	 196
69	 197
70	 75
70	 76
70	 82
70	 86
70	 91
70	 95
70	 98
70	 101
70	 102
70	 105
70	 113
70	 122
70	 126
70	 127
70	 136
70	 139
70	 142
70	 143
70	 145
70	 150
70	 155
70	 157
70	 158
70	 165
70	 166
70	 167
70	 173
70	 175
70	 176
70	 177
70	 178
70	 181
70	 182
70	 186
71	 73
71	 74
71	 78
71	 82
71	 86
71	 90
71	 93
71	 95
71	 98
71	 101
71	 105
71	 113
71	 117
71	 125
71	 126
71	 127
71	 130
71	 134
71	 142
71	 144
71	 145
71	 152
71	 158
71	 166
71	 173
71	 175
71	 176
71	 177
71	 183
71	 185
71	 187
71	 190
71	 195
71	 199
72	 78
72	 79
72	 84
72	 86
72	 90
72	 92
72	 95
72	 98
72	 102
72	 105
72	 106
72	 107
72	 125
72	 126
72	 127
72	 131
72	 136
72	 137
72	 143
72	 144
72	 152
72	 156
72	 158
72	 161
72	 175
72	 179
72	 182
72	 186
72	 189
72	 195
72	 199
73	 74
73	 78
73	 90
73	 91
73	 93
73	 98
73	 101
73	 102
73	 105
73	 106
73	 117
73	 125
73	 130
73	 134
73	 137
73	 142
73	 148
73	 152
73	 166
73	 167
73	 168
73	 175
73	 177
73	 179
73	 182
73	 183
73	 185
73	 187
73	 192
73	 195
73	 199
74	 75
74	 76
74	 79
74	 80
74	 81
74	 83
74	 84
74	 85
74	 86
74	 89
74	 92
74	 93
74	 96
74	 97
74	 100
74	 104
74	 107
74	 108
74	 110
74	 111
74	 115
74	 116
74	 119
74	 121
74	 123
74	 124
74	 125
74	 126
74	 130
74	 131
74	 134
74	 135
74	 136
74	 138
74	 140
74	 141
74	 150
74	 151
74	 156
74	 157
74	 159
74	 160
74	 161
74	 162
74	 163
74	 165
74	 169
74	 170
74	 172
74	 174
74	 175
74	 178
74	 185
74	 187
74	 188
74	 189
74	 191
74	 193
74	 194
74	 196
74	 198
74	 200
75	 76
75	 90
75	 93
75	 106
75	 107
75	 113
75	 117
75	 122
75	 125
75	 137
75	 139
75	 143
75	 145
75	 150
75	 152
75	 155
75	 157
75	 165
75	 166
75	 167
75	 168
75	 173
75	 175
75	 176
75	 178
75	 181
75	 186
75	 190
75	 192
75	 195
75	 199
76	 82
76	 86
76	 95
76	 98
76	 102
76	 105
76	 113
76	 117
76	 122
76	 125
76	 126
76	 127
76	 136
76	 137
76	 139
76	 150
76	 155
76	 157
76	 165
76	 166
76	 167
76	 173
76	 175
76	 177
76	 179
76	 181
76	 182
76	 186
76	 199
77	 78
77	 95
77	 98
77	 101
77	 102
77	 104
77	 105
77	 106
77	 107
77	 113
77	 114
77	 117
77	 125
77	 126
77	 133
77	 135
77	 136
77	 137
77	 142
77	 145
77	 146
77	 152
77	 154
77	 158
77	 166
77	 168
77	 173
77	 176
77	 177
77	 179
77	 182
77	 191
77	 199
78	 79
78	 83
78	 87
78	 88
78	 92
78	 94
78	 95
78	 97
78	 99
78	 100
78	 103
78	 108
78	 111
78	 114
78	 115
78	 118
78	 119
78	 121
78	 122
78	 124
78	 129
78	 130
78	 132
78	 133
78	 134
78	 135
78	 138
78	 139
78	 140
78	 144
78	 146
78	 148
78	 149
78	 151
78	 154
78	 155
78	 156
78	 157
78	 160
78	 164
78	 168
78	 169
78	 170
78	 171
78	 172
78	 173
78	 176
78	 180
78	 187
78	 188
78	 189
78	 191
78	 192
78	 197
79	 82
79	 84
79	 90
79	 92
79	 106
79	 117
79	 125
79	 127
79	 131
79	 136
79	 137
79	 142
79	 143
79	 144
79	 152
79	 156
79	 161
79	 166
79	 167
79	 168
79	 175
79	 176
79	 177
79	 179
79	 182
79	 183
79	 189
79	 190
79	 195
79	 199
80	 82
80	 86
80	 93
80	 95
80	 98
80	 101
80	 102
80	 109
80	 124
80	 125
80	 127
80	 136
80	 137
80	 142
80	 144
80	 147
80	 148
80	 152
80	 158
80	 164
80	 167
80	 175
80	 178
80	 179
80	 182
80	 190
80	 195
80	 197
81	 82
81	 85
81	 86
81	 91
81	 93
81	 95
81	 98
81	 100
81	 101
81	 106
81	 112
81	 113
81	 116
81	 117
81	 125
81	 126
81	 127
81	 136
81	 137
81	 142
81	 148
81	 152
81	 163
81	 168
81	 170
81	 172
81	 175
81	 176
81	 177
81	 182
81	 186
81	 190
81	 192
81	 195
81	 199
82	 85
82	 88
82	 89
82	 94
82	 96
82	 106
82	 109
82	 110
82	 111
82	 112
82	 114
82	 115
82	 116
82	 118
82	 119
82	 120
82	 121
82	 123
82	 124
82	 129
82	 131
82	 132
82	 134
82	 135
82	 140
82	 145
82	 149
82	 150
82	 153
82	 155
82	 158
82	 159
82	 160
82	 162
82	 163
82	 164
82	 165
82	 169
82	 171
82	 172
82	 177
82	 180
82	 182
82	 184
82	 190
82	 191
82	 198
83	 86
83	 90
83	 91
83	 95
83	 98
83	 99
83	 101
83	 106
83	 107
83	 113
83	 115
83	 125
83	 126
83	 136
83	 137
83	 143
83	 148
83	 149
83	 152
83	 158
83	 166
83	 169
83	 175
83	 176
83	 178
83	 183
83	 186
83	 190
83	 192
83	 195
83	 196
84	 90
84	 92
84	 95
84	 98
84	 102
84	 106
84	 113
84	 125
84	 131
84	 137
84	 142
84	 144
84	 145
84	 148
84	 156
84	 161
84	 166
84	 167
84	 173
84	 176
84	 177
84	 179
84	 182
84	 183
84	 186
84	 189
84	 199
85	 86
85	 90
85	 91
85	 93
85	 95
85	 98
85	 100
85	 101
85	 105
85	 107
85	 112
85	 113
85	 116
85	 117
85	 125
85	 127
85	 137
85	 142
85	 143
85	 145
85	 148
85	 158
85	 163
85	 166
85	 167
85	 168
85	 170
85	 172
85	 173
85	 175
85	 176
85	 177
85	 178
85	 179
85	 190
85	 195
85	 199
86	 87
86	 88
86	 89
86	 93
86	 97
86	 99
86	 104
86	 107
86	 108
86	 109
86	 111
86	 112
86	 115
86	 116
86	 118
86	 119
86	 120
86	 122
86	 125
86	 126
86	 129
86	 130
86	 131
86	 133
86	 134
86	 135
86	 136
86	 139
86	 140
86	 141
86	 156
86	 160
86	 161
86	 162
86	 163
86	 164
86	 165
86	 175
86	 178
86	 180
86	 181
86	 185
86	 188
86	 193
86	 194
86	 197
86	 198
86	 200
87	 98
87	 101
87	 105
87	 117
87	 119
87	 125
87	 127
87	 136
87	 137
87	 142
87	 143
87	 144
87	 145
87	 152
87	 153
87	 158
87	 159
87	 167
87	 174
87	 176
87	 177
87	 178
87	 179
87	 180
87	 183
87	 184
87	 192
87	 193
87	 195
87	 199
88	 91
88	 93
88	 95
88	 96
88	 98
88	 101
88	 102
88	 110
88	 113
88	 117
88	 123
88	 125
88	 132
88	 142
88	 143
88	 145
88	 148
88	 151
88	 158
88	 160
88	 162
88	 167
88	 171
88	 173
88	 177
88	 179
88	 182
88	 186
88	 188
88	 190
88	 195
89	 90
89	 93
89	 97
89	 105
89	 113
89	 117
89	 121
89	 128
89	 137
89	 138
89	 140
89	 142
89	 143
89	 144
89	 148
89	 152
89	 166
89	 168
89	 173
89	 175
89	 176
89	 178
89	 182
89	 186
89	 192
89	 195
89	 198
90	 91
90	 94
90	 97
90	 98
90	 99
90	 100
90	 101
90	 103
90	 104
90	 108
90	 109
90	 110
90	 111
90	 113
90	 118
90	 119
90	 121
90	 122
90	 128
90	 129
90	 133
90	 135
90	 137
90	 138
90	 140
90	 146
90	 147
90	 149
90	 150
90	 152
90	 154
90	 155
90	 156
90	 160
90	 161
90	 163
90	 164
90	 167
90	 169
90	 170
90	 171
90	 180
90	 184
90	 185
90	 198
90	 199
90	 200
91	 94
91	 97
91	 98
91	 99
91	 101
91	 103
91	 109
91	 110
91	 111
91	 112
91	 113
91	 115
91	 120
91	 122
91	 123
91	 128
91	 129
91	 130
91	 131
91	 132
91	 133
91	 134
91	 135
91	 137
91	 138
91	 140
91	 147
91	 152
91	 154
91	 157
91	 160
91	 161
91	 164
91	 167
91	 169
91	 170
91	 181
91	 184
91	 185
91	 188
91	 193
91	 197
91	 199
91	 200
92	 93
92	 95
92	 101
92	 107
92	 131
92	 137
92	 142
92	 144
92	 148
92	 156
92	 158
92	 161
92	 166
92	 167
92	 179
92	 182
92	 186
92	 189
92	 190
92	 192
92	 195
93	 96
93	 97
93	 103
93	 107
93	 108
93	 109
93	 110
93	 114
93	 115
93	 116
93	 119
93	 120
93	 121
93	 125
93	 126
93	 128
93	 131
93	 132
93	 135
93	 136
93	 138
93	 139
93	 146
93	 147
93	 149
93	 151
93	 153
93	 154
93	 155
93	 156
93	 157
93	 159
93	 160
93	 161
93	 162
93	 163
93	 169
93	 171
93	 172
93	 175
93	 178
93	 189
93	 193
93	 194
93	 196
93	 198
94	 95
94	 98
94	 102
94	 106
94	 107
94	 108
94	 111
94	 117
94	 118
94	 125
94	 129
94	 136
94	 137
94	 144
94	 148
94	 158
94	 179
94	 186
94	 190
94	 195
94	 200
95	 96
95	 99
95	 100
95	 103
95	 104
95	 108
95	 112
95	 114
95	 118
95	 120
95	 121
95	 122
95	 124
95	 130
95	 132
95	 138
95	 139
95	 140
95	 141
95	 144
95	 148
95	 150
95	 153
95	 154
95	 155
95	 157
95	 159
95	 165
95	 168
95	 169
95	 170
95	 171
95	 173
95	 174
95	 176
95	 180
95	 181
95	 188
95	 191
95	 192
95	 193
95	 194
95	 196
95	 197
95	 200
96	 101
96	 105
96	 107
96	 110
96	 123
96	 125
96	 132
96	 143
96	 151
96	 152
96	 158
96	 160
96	 162
96	 166
96	 167
96	 171
96	 176
96	 177
96	 178
96	 179
96	 182
96	 183
96	 188
96	 190
96	 199
97	 98
97	 102
97	 105
97	 106
97	 107
97	 113
97	 121
97	 125
97	 128
97	 136
97	 137
97	 138
97	 140
97	 143
97	 144
97	 158
97	 167
97	 175
97	 177
97	 178
97	 179
97	 182
97	 183
97	 186
97	 192
97	 198
98	 101
98	 103
98	 104
98	 108
98	 111
98	 112
98	 113
98	 114
98	 116
98	 121
98	 122
98	 124
98	 128
98	 132
98	 133
98	 135
98	 137
98	 139
98	 146
98	 152
98	 156
98	 157
98	 159
98	 160
98	 164
98	 165
98	 167
98	 169
98	 170
98	 171
98	 172
98	 180
98	 181
98	 187
98	 188
98	 189
98	 193
98	 194
98	 198
98	 199
98	 200
99	 102
99	 107
99	 115
99	 117
99	 126
99	 137
99	 142
99	 144
99	 145
99	 149
99	 152
99	 166
99	 167
99	 169
99	 175
99	 178
99	 182
99	 183
99	 190
99	 192
99	 195
99	 196
99	 199
100	 101
100	 102
100	 106
100	 107
100	 112
100	 113
100	 116
100	 126
100	 142
100	 143
100	 145
100	 148
100	 152
100	 163
100	 166
100	 167
100	 170
100	 172
100	 173
100	 175
100	 177
100	 179
100	 182
100	 183
100	 186
100	 192
101	 103
101	 104
101	 111
101	 112
101	 113
101	 114
101	 115
101	 118
101	 123
101	 124
101	 128
101	 130
101	 132
101	 134
101	 137
101	 139
101	 146
101	 149
101	 150
101	 151
101	 152
101	 153
101	 154
101	 156
101	 157
101	 159
101	 160
101	 162
101	 164
101	 167
101	 169
101	 170
101	 171
101	 172
101	 174
101	 187
101	 188
101	 189
101	 191
101	 193
101	 194
101	 198
101	 199
102	 103
102	 105
102	 108
102	 110
102	 111
102	 117
102	 120
102	 121
102	 123
102	 124
102	 128
102	 129
102	 131
102	 132
102	 133
102	 134
102	 135
102	 138
102	 139
102	 141
102	 142
102	 143
102	 147
102	 149
102	 151
102	 154
102	 157
102	 159
102	 160
102	 162
102	 164
102	 165
102	 169
102	 172
102	 174
102	 180
102	 185
102	 187
102	 188
102	 189
102	 191
102	 195
102	 196
102	 198
103	 105
103	 106
103	 113
103	 120
103	 126
103	 136
103	 141
103	 142
103	 152
103	 166
103	 167
103	 168
103	 175
103	 176
103	 177
103	 179
103	 182
103	 186
103	 190
103	 192
103	 194
103	 199
104	 105
104	 107
104	 114
104	 125
104	 127
104	 133
104	 135
104	 143
104	 144
104	 146
104	 148
104	 154
104	 166
104	 168
104	 173
104	 175
104	 176
104	 177
104	 179
104	 183
104	 190
104	 191
104	 195
104	 199
105	 108
105	 111
105	 114
105	 115
105	 117
105	 118
105	 119
105	 121
105	 122
105	 129
105	 132
105	 133
105	 134
105	 135
105	 138
105	 141
105	 142
105	 143
105	 147
105	 153
105	 156
105	 157
105	 159
105	 160
105	 161
105	 162
105	 164
105	 165
105	 170
105	 172
105	 174
105	 180
105	 181
105	 184
105	 185
105	 188
105	 191
105	 193
105	 194
105	 195
105	 197
105	 198
105	 200
106	 108
106	 109
106	 115
106	 119
106	 121
106	 122
106	 123
106	 124
106	 128
106	 129
106	 131
106	 132
106	 133
106	 135
106	 138
106	 139
106	 140
106	 141
106	 145
106	 146
106	 147
106	 150
106	 154
106	 156
106	 157
106	 158
106	 161
106	 162
106	 163
106	 164
106	 165
106	 170
106	 171
106	 177
106	 180
106	 181
106	 182
106	 187
106	 189
106	 190
106	 193
106	 198
106	 200
107	 109
107	 110
107	 111
107	 116
107	 122
107	 123
107	 125
107	 126
107	 128
107	 129
107	 131
107	 133
107	 134
107	 135
107	 136
107	 139
107	 141
107	 146
107	 147
107	 149
107	 151
107	 157
107	 159
107	 160
107	 161
107	 162
107	 163
107	 172
107	 174
107	 175
107	 178
107	 185
107	 194
107	 196
107	 200
108	 111
108	 117
108	 118
108	 126
108	 127
108	 129
108	 136
108	 144
108	 158
108	 168
108	 177
108	 182
108	 186
108	 190
108	 192
108	 195
108	 200
109	 117
109	 124
109	 125
109	 136
109	 143
109	 147
109	 158
109	 164
109	 166
109	 168
109	 173
109	 176
109	 177
109	 178
109	 179
109	 182
109	 190
109	 192
109	 197
109	 199
110	 113
110	 117
110	 123
110	 126
110	 132
110	 136
110	 137
110	 142
110	 144
110	 151
110	 152
110	 158
110	 160
110	 162
110	 166
110	 167
110	 168
110	 171
110	 173
110	 175
110	 177
110	 178
110	 182
110	 183
110	 186
110	 188
110	 192
111	 113
111	 118
111	 125
111	 126
111	 129
111	 136
111	 142
111	 144
111	 148
111	 152
111	 168
111	 173
111	 176
111	 177
111	 195
111	 200
112	 113
112	 116
112	 117
112	 126
112	 127
112	 136
112	 137
112	 143
112	 144
112	 152
112	 163
112	 167
112	 170
112	 172
112	 177
112	 179
112	 182
112	 183
112	 186
112	 190
112	 192
112	 195
112	 199
113	 115
113	 116
113	 118
113	 119
113	 121
113	 123
113	 128
113	 129
113	 131
113	 133
113	 135
113	 137
113	 139
113	 141
113	 150
113	 151
113	 152
113	 153
113	 157
113	 160
113	 161
113	 162
113	 163
113	 165
113	 167
113	 169
113	 171
113	 172
113	 180
113	 184
113	 185
113	 188
113	 191
113	 194
113	 198
113	 199
114	 126
114	 133
114	 135
114	 136
114	 137
114	 143
114	 144
114	 146
114	 148
114	 152
114	 154
114	 158
114	 175
114	 176
114	 179
114	 182
114	 190
114	 191
114	 192
114	 195
114	 199
115	 117
115	 125
115	 126
115	 127
115	 137
115	 142
115	 144
115	 148
115	 149
115	 152
115	 166
115	 167
115	 169
115	 173
115	 175
115	 177
115	 178
115	 179
115	 183
115	 186
115	 196
116	 126
116	 127
116	 136
116	 137
116	 143
116	 144
116	 145
116	 148
116	 163
116	 166
116	 168
116	 170
116	 172
116	 173
116	 175
116	 178
116	 182
116	 183
116	 186
116	 199
117	 119
117	 120
117	 122
117	 123
117	 124
117	 129
117	 133
117	 135
117	 139
117	 140
117	 141
117	 142
117	 143
117	 150
117	 151
117	 153
117	 154
117	 155
117	 156
117	 157
117	 163
117	 165
117	 170
117	 172
117	 174
117	 184
117	 185
117	 188
117	 191
117	 195
117	 196
117	 197
117	 200
118	 125
118	 127
118	 129
118	 136
118	 142
118	 144
118	 145
118	 166
118	 168
118	 173
118	 176
118	 178
118	 190
118	 192
118	 200
119	 126
119	 142
119	 144
119	 145
119	 148
119	 153
119	 158
119	 159
119	 166
119	 168
119	 173
119	 174
119	 176
119	 177
119	 178
119	 179
119	 180
119	 183
119	 184
119	 186
119	 190
119	 192
119	 193
119	 195
120	 127
120	 136
120	 137
120	 141
120	 145
120	 148
120	 166
120	 168
120	 173
120	 176
120	 178
120	 182
120	 183
120	 194
120	 199
121	 126
121	 127
121	 128
121	 138
121	 140
121	 144
121	 148
121	 152
121	 167
121	 168
121	 175
121	 178
121	 179
121	 182
121	 183
121	 186
121	 195
121	 198
121	 199
122	 125
122	 126
122	 137
122	 139
122	 142
122	 143
122	 144
122	 150
122	 152
122	 155
122	 157
122	 165
122	 167
122	 168
122	 175
122	 176
122	 177
122	 178
122	 179
122	 181
122	 182
122	 186
122	 190
123	 127
123	 132
123	 144
123	 145
123	 151
123	 160
123	 162
123	 166
123	 167
123	 171
123	 178
123	 183
123	 186
123	 188
123	 190
123	 199
124	 126
124	 136
124	 142
124	 144
124	 145
124	 147
124	 152
124	 158
124	 164
124	 166
124	 167
124	 168
124	 173
124	 179
124	 186
124	 190
124	 192
124	 195
124	 197
124	 199
125	 126
125	 129
125	 131
125	 133
125	 136
125	 138
125	 139
125	 140
125	 141
125	 149
125	 150
125	 151
125	 153
125	 155
125	 156
125	 159
125	 160
125	 163
125	 165
125	 169
125	 171
125	 175
125	 178
125	 180
125	 185
125	 189
125	 191
125	 193
125	 196
125	 197
126	 128
126	 133
126	 134
126	 136
126	 138
126	 139
126	 141
126	 146
126	 147
126	 153
126	 154
126	 156
126	 164
126	 170
126	 171
126	 174
126	 175
126	 178
126	 180
126	 187
126	 189
126	 191
126	 193
126	 194
126	 197
126	 200
127	 129
127	 130
127	 134
127	 135
127	 139
127	 141
127	 146
127	 147
127	 151
127	 155
127	 156
127	 162
127	 164
127	 165
127	 166
127	 169
127	 174
127	 179
127	 183
127	 186
127	 187
127	 191
127	 193
127	 196
128	 136
128	 137
128	 138
128	 140
128	 142
128	 143
128	 166
128	 167
128	 176
128	 178
128	 179
128	 186
128	 190
128	 192
128	 198
128	 199
129	 136
129	 137
129	 142
129	 143
129	 144
129	 145
129	 158
129	 166
129	 168
129	 176
129	 177
129	 179
129	 182
129	 183
129	 186
129	 195
129	 200
130	 134
130	 136
130	 137
130	 142
130	 144
130	 145
130	 152
130	 168
130	 175
130	 176
130	 179
130	 182
130	 183
130	 185
130	 186
130	 187
130	 190
130	 195
130	 199
131	 143
131	 144
131	 152
131	 156
131	 158
131	 161
131	 167
131	 175
131	 176
131	 178
131	 179
131	 189
131	 192
131	 199
132	 136
132	 142
132	 148
132	 151
132	 152
132	 158
132	 160
132	 162
132	 166
132	 167
132	 168
132	 171
132	 173
132	 176
132	 178
132	 179
132	 183
132	 186
132	 188
132	 190
132	 192
132	 199
133	 135
133	 136
133	 142
133	 143
133	 144
133	 145
133	 146
133	 148
133	 152
133	 154
133	 158
133	 167
133	 168
133	 175
133	 176
133	 179
133	 186
133	 190
133	 191
133	 195
133	 199
134	 137
134	 144
134	 145
134	 148
134	 166
134	 167
134	 168
134	 176
134	 178
134	 182
134	 185
134	 187
134	 190
135	 143
135	 144
135	 145
135	 146
135	 148
135	 154
135	 166
135	 167
135	 168
135	 173
135	 175
135	 177
135	 190
135	 191
135	 192
135	 195
136	 138
136	 139
136	 140
136	 146
136	 147
136	 149
136	 150
136	 151
136	 153
136	 155
136	 156
136	 159
136	 160
136	 162
136	 163
136	 165
136	 169
136	 170
136	 171
136	 172
136	 175
136	 178
136	 181
136	 187
136	 188
136	 189
136	 191
136	 193
136	 196
136	 197
137	 138
137	 139
137	 140
137	 141
137	 146
137	 149
137	 152
137	 153
137	 154
137	 157
137	 159
137	 160
137	 164
137	 167
137	 169
137	 170
137	 171
137	 174
137	 180
137	 187
137	 188
137	 193
137	 194
137	 196
137	 197
137	 198
137	 199
137	 200
138	 140
138	 142
138	 144
138	 145
138	 152
138	 158
138	 167
138	 168
138	 173
138	 176
138	 190
138	 192
138	 198
139	 144
139	 148
139	 150
139	 152
139	 155
139	 157
139	 158
139	 165
139	 166
139	 167
139	 168
139	 173
139	 178
139	 181
139	 182
139	 186
139	 192
139	 195
140	 143
140	 148
140	 158
140	 167
140	 173
140	 175
140	 176
140	 177
140	 182
140	 186
140	 190
140	 192
140	 195
140	 198
140	 199
141	 142
141	 144
141	 145
141	 152
141	 158
141	 166
141	 167
141	 168
141	 173
141	 177
141	 178
141	 179
141	 182
141	 186
141	 190
141	 192
141	 194
141	 195
141	 199
142	 143
142	 146
142	 147
142	 149
142	 150
142	 151
142	 154
142	 157
142	 164
142	 171
142	 174
142	 180
142	 181
142	 185
142	 187
142	 188
142	 193
142	 194
142	 195
142	 197
142	 198
143	 146
143	 150
143	 153
143	 154
143	 155
143	 157
143	 162
143	 163
143	 164
143	 165
143	 169
143	 172
143	 180
143	 181
143	 184
143	 185
143	 187
143	 188
143	 191
143	 193
143	 194
143	 195
143	 197
143	 200
144	 147
144	 148
144	 151
144	 154
144	 155
144	 156
144	 157
144	 160
144	 163
144	 164
144	 165
144	 168
144	 170
144	 171
144	 172
144	 173
144	 174
144	 176
144	 180
144	 181
144	 184
144	 185
144	 187
144	 188
144	 189
144	 191
144	 192
144	 194
144	 197
145	 149
145	 150
145	 153
145	 154
145	 158
145	 162
145	 170
145	 174
145	 177
145	 180
145	 181
145	 182
145	 188
145	 189
145	 190
145	 191
145	 194
145	 196
145	 198
145	 200
146	 154
146	 177
146	 191
146	 195
147	 158
147	 164
147	 166
147	 167
147	 168
147	 173
147	 175
147	 176
147	 177
147	 182
147	 186
147	 190
147	 192
147	 195
147	 197
148	 149
148	 150
148	 155
148	 159
148	 162
148	 165
148	 168
148	 169
148	 171
148	 172
148	 173
148	 176
148	 180
148	 187
148	 188
148	 189
148	 191
148	 192
148	 194
148	 200
149	 158
149	 167
149	 168
149	 169
149	 173
149	 176
149	 177
149	 183
149	 186
149	 195
149	 196
150	 152
150	 155
150	 157
150	 165
150	 173
150	 176
150	 177
150	 178
150	 181
150	 182
150	 183
150	 186
150	 195
150	 199
151	 158
151	 160
151	 162
151	 168
151	 171
151	 173
151	 176
151	 177
151	 186
151	 188
151	 190
151	 192
151	 195
151	 199
152	 153
152	 155
152	 160
152	 161
152	 162
152	 163
152	 164
152	 165
152	 167
152	 170
152	 172
152	 174
152	 181
152	 184
152	 185
152	 187
152	 188
152	 189
152	 197
152	 198
152	 199
153	 158
153	 159
153	 166
153	 167
153	 173
153	 174
153	 176
153	 177
153	 179
153	 180
153	 182
153	 183
153	 184
153	 186
153	 190
153	 192
153	 193
153	 195
153	 199
154	 168
154	 175
154	 178
154	 179
154	 190
154	 191
154	 195
154	 199
155	 157
155	 158
155	 165
155	 166
155	 167
155	 168
155	 173
155	 176
155	 178
155	 179
155	 181
155	 182
155	 186
155	 192
155	 195
155	 199
156	 158
156	 161
156	 166
156	 167
156	 168
156	 175
156	 176
156	 179
156	 182
156	 183
156	 186
156	 189
156	 192
156	 199
157	 158
157	 165
157	 166
157	 175
157	 178
157	 181
157	 182
157	 183
157	 199
158	 159
158	 160
158	 162
158	 169
158	 170
158	 171
158	 174
158	 177
158	 181
158	 182
158	 184
158	 188
158	 189
158	 190
158	 191
158	 196
158	 197
158	 198
158	 200
159	 167
159	 168
159	 173
159	 174
159	 175
159	 176
159	 177
159	 180
159	 182
159	 184
159	 190
159	 192
159	 193
159	 195
160	 162
160	 166
160	 167
160	 171
160	 173
160	 176
160	 178
160	 179
160	 183
160	 188
160	 190
160	 195
160	 199
161	 167
161	 175
161	 176
161	 178
161	 179
161	 183
161	 186
161	 189
161	 190
161	 192
161	 195
162	 166
162	 167
162	 171
162	 173
162	 177
162	 182
162	 188
162	 190
162	 195
163	 166
163	 167
163	 168
163	 170
163	 172
163	 175
163	 176
163	 186
163	 190
163	 199
164	 166
164	 167
164	 168
164	 173
164	 176
164	 177
164	 178
164	 183
164	 186
164	 190
164	 195
164	 197
165	 167
165	 175
165	 176
165	 177
165	 178
165	 181
165	 183
165	 186
165	 190
165	 192
165	 199
166	 172
166	 174
166	 179
166	 180
166	 183
166	 186
166	 187
166	 188
166	 189
166	 193
166	 194
166	 196
166	 198
166	 200
167	 170
167	 172
167	 174
167	 181
167	 184
167	 187
167	 188
167	 194
167	 196
167	 198
167	 199
168	 169
168	 170
168	 171
168	 173
168	 176
168	 181
168	 184
168	 185
168	 187
168	 189
168	 191
168	 192
168	 193
168	 197
168	 198
168	 200
169	 173
169	 175
169	 176
169	 178
169	 183
169	 186
169	 195
169	 196
169	 199
170	 172
170	 173
170	 179
170	 192
170	 195
171	 175
171	 176
171	 177
171	 179
171	 182
171	 183
171	 188
171	 190
171	 192
171	 195
171	 199
172	 175
172	 176
172	 178
172	 179
172	 183
172	 186
172	 190
172	 192
172	 195
173	 174
173	 176
173	 184
173	 185
173	 187
173	 192
173	 193
173	 197
173	 198
174	 179
174	 180
174	 184
174	 186
174	 193
174	 199
175	 178
175	 180
175	 185
175	 188
175	 189
175	 191
175	 194
175	 196
175	 198
175	 200
176	 180
176	 181
176	 184
176	 188
176	 189
176	 191
176	 192
176	 194
176	 196
176	 198
177	 180
177	 182
177	 184
177	 187
177	 188
177	 190
177	 194
178	 180
178	 181
178	 185
178	 189
178	 197
178	 198
178	 200
179	 181
179	 183
179	 185
179	 186
179	 187
179	 188
179	 189
179	 191
179	 193
179	 194
179	 196
179	 197
179	 198
180	 182
180	 183
180	 184
180	 190
180	 193
180	 195
181	 182
181	 183
181	 190
181	 195
181	 199
182	 185
182	 187
182	 188
182	 190
182	 191
182	 193
182	 194
182	 196
182	 197
182	 198
183	 185
183	 186
183	 187
183	 189
183	 191
183	 193
183	 194
183	 196
183	 197
183	 200
184	 186
184	 192
184	 193
184	 195
184	 199
185	 186
185	 187
185	 190
185	 195
185	 199
186	 187
186	 189
186	 194
186	 196
186	 197
186	 200
187	 190
187	 195
187	 199
188	 195
189	 199
190	 193
190	 194
190	 196
190	 198
191	 192
191	 195
192	 193
192	 196
192	 200
193	 195
195	 200
199	 200
;