n := 1035;
B := 178058;
param : n c w:=
1	 24	 1014
2	 489	 555
3	 414	 636
4	 240	 782
5	 140	 876
6	 536	 513
7	 103	 919
8	 309	 737
9	 209	 814
10	 800	 255
11	 757	 302
12	 499	 546
13	 578	 475
14	 132	 886
15	 532	 516
16	 619	 442
17	 123	 894
18	 610	 449
19	 874	 176
20	 4	 1028
21	 90	 933
22	 980	 63
23	 312	 733
24	 759	 299
25	 416	 633
26	 618	 442
27	 874	 178
28	 915	 129
29	 577	 478
30	 539	 510
31	 905	 145
32	 495	 548
33	 105	 918
34	 895	 160
35	 341	 708
36	 174	 849
37	 151	 870
38	 208	 818
39	 804	 253
40	 207	 819
41	 764	 295
42	 761	 299
43	 693	 372
44	 423	 629
45	 997	 41
46	 527	 523
47	 650	 408
48	 378	 680
49	 3	 1029
50	 426	 628
51	 12	 1022
52	 401	 660
53	 351	 701
54	 786	 273
55	 952	 83
56	 514	 533
57	 868	 182
58	 939	 94
59	 632	 425
60	 500	 541
61	 175	 846
62	 673	 388
63	 776	 281
64	 1013	 34
65	 212	 807
66	 30	 1007
67	 586	 471
68	 547	 503
69	 174	 847
70	 241	 781
71	 45	 995
72	 258	 770
73	 842	 218
74	 738	 325
75	 272	 758
76	 812	 242
77	 985	 56
78	 168	 860
79	 743	 320
80	 893	 163
81	 210	 812
82	 437	 619
83	 551	 498
84	 490	 554
85	 500	 542
86	 666	 396
87	 1034	 3
88	 801	 254
89	 173	 852
90	 566	 486
91	 306	 743
92	 787	 271
93	 883	 168
94	 874	 178
95	 646	 410
96	 250	 773
97	 539	 510
98	 523	 528
99	 186	 837
100	 73	 953
101	 809	 247
102	 76	 949
103	 844	 216
104	 555	 496
105	 456	 601
106	 453	 603
107	 708	 361
108	 558	 496
109	 473	 576
110	 214	 805
111	 342	 708
112	 378	 676
113	 749	 309
114	 270	 764
115	 627	 436
116	 379	 676
117	 455	 601
118	 901	 154
119	 354	 700
120	 214	 804
121	 38	 999
122	 111	 904
123	 188	 835
124	 405	 651
125	 1026	 21
126	 966	 76
127	 723	 344
128	 771	 286
129	 647	 409
130	 897	 158
131	 180	 840
132	 799	 259
133	 707	 362
134	 940	 91
135	 703	 368
136	 131	 886
137	 667	 395
138	 393	 673
139	 706	 365
140	 357	 699
141	 543	 507
142	 516	 532
143	 418	 631
144	 599	 452
145	 774	 285
146	 215	 799
147	 119	 900
148	 737	 329
149	 823	 238
150	 461	 593
151	 1027	 18
152	 188	 835
153	 778	 279
154	 47	 992
155	 939	 96
156	 324	 720
157	 109	 910
158	 322	 724
159	 57	 973
160	 812	 242
161	 805	 248
162	 756	 307
163	 52	 982
164	 8	 1026
165	 210	 811
166	 541	 510
167	 605	 451
168	 373	 684
169	 513	 534
170	 626	 436
171	 117	 903
172	 61	 967
173	 893	 163
174	 974	 69
175	 797	 259
176	 662	 399
177	 1004	 38
178	 629	 428
179	 939	 94
180	 720	 346
181	 469	 579
182	 767	 289
183	 451	 604
184	 105	 914
185	 493	 549
186	 445	 614
187	 704	 366
188	 535	 514
189	 397	 660
190	 353	 701
191	 192	 831
192	 587	 469
193	 984	 62
194	 102	 920
195	 264	 766
196	 410	 642
197	 498	 546
198	 361	 696
199	 1032	 5
200	 69	 961
201	 577	 478
202	 928	 109
203	 567	 484
204	 695	 371
205	 1021	 23
206	 735	 331
207	 88	 934
208	 427	 627
209	 160	 867
210	 476	 575
211	 395	 663
212	 73	 954
213	 784	 275
214	 915	 129
215	 704	 367
216	 84	 939
217	 318	 727
218	 163	 863
219	 469	 579
220	 936	 101
221	 135	 882
222	 821	 239
223	 912	 130
224	 272	 759
225	 444	 616
226	 784	 275
227	 16	 1018
228	 650	 408
229	 329	 716
230	 318	 726
231	 414	 640
232	 766	 290
233	 129	 890
234	 1033	 4
235	 78	 945
236	 250	 773
237	 1	 1034
238	 415	 633
239	 394	 668
240	 46	 994
241	 984	 61
242	 476	 573
243	 125	 893
244	 152	 868
245	 833	 231
246	 402	 652
247	 858	 210
248	 861	 204
249	 721	 346
250	 911	 136
251	 171	 854
252	 324	 720
253	 662	 399
254	 942	 89
255	 447	 613
256	 870	 181
257	 304	 745
258	 664	 397
259	 460	 596
260	 1020	 25
261	 202	 827
262	 710	 361
263	 644	 414
264	 65	 963
265	 533	 515
266	 565	 490
267	 930	 108
268	 892	 165
269	 437	 619
270	 794	 261
271	 361	 696
272	 218	 794
273	 619	 442
274	 812	 244
275	 617	 443
276	 354	 701
277	 450	 608
278	 172	 852
279	 105	 916
280	 860	 206
281	 906	 144
282	 890	 166
283	 840	 224
284	 448	 611
285	 266	 766
286	 347	 705
287	 817	 241
288	 965	 76
289	 668	 395
290	 719	 346
291	 828	 235
292	 316	 728
293	 986	 55
294	 49	 988
295	 131	 887
296	 29	 1007
297	 356	 700
298	 304	 745
299	 70	 960
300	 389	 674
301	 359	 697
302	 628	 432
303	 76	 950
304	 278	 755
305	 610	 449
306	 484	 560
307	 318	 725
308	 974	 68
309	 602	 451
310	 884	 167
311	 956	 77
312	 92	 928
313	 239	 783
314	 97	 926
315	 716	 354
316	 580	 474
317	 866	 191
318	 406	 649
319	 58	 969
320	 275	 757
321	 524	 525
322	 128	 892
323	 627	 432
324	 907	 143
325	 415	 633
326	 291	 753
327	 272	 762
328	 313	 733
329	 36	 1003
330	 128	 890
331	 467	 581
332	 692	 375
333	 438	 618
334	 19	 1017
335	 575	 480
336	 388	 675
337	 267	 764
338	 323	 723
339	 629	 428
340	 299	 749
341	 549	 503
342	 582	 473
343	 744	 316
344	 804	 252
345	 429	 622
346	 374	 682
347	 73	 954
348	 812	 244
349	 599	 453
350	 359	 696
351	 798	 259
352	 48	 990
353	 437	 618
354	 438	 618
355	 866	 192
356	 212	 809
357	 210	 812
358	 638	 415
359	 543	 506
360	 310	 735
361	 792	 268
362	 654	 402
363	 498	 546
364	 873	 178
365	 238	 788
366	 402	 657
367	 315	 732
368	 993	 49
369	 101	 925
370	 194	 830
371	 38	 999
372	 744	 320
373	 115	 903
374	 55	 976
375	 639	 415
376	 15	 1018
377	 934	 104
378	 978	 67
379	 118	 901
380	 315	 732
381	 117	 902
382	 316	 729
383	 266	 764
384	 544	 506
385	 61	 966
386	 803	 253
387	 242	 780
388	 925	 113
389	 603	 451
390	 955	 81
391	 510	 538
392	 689	 376
393	 72	 954
394	 710	 360
395	 193	 830
396	 407	 646
397	 297	 750
398	 165	 860
399	 27	 1011
400	 460	 595
401	 813	 241
402	 891	 165
403	 233	 789
404	 28	 1009
405	 277	 756
406	 904	 145
407	 449	 611
408	 478	 566
409	 733	 332
410	 822	 238
411	 81	 943
412	 598	 454
413	 411	 642
414	 684	 385
415	 180	 841
416	 549	 500
417	 50	 988
418	 507	 539
419	 695	 370
420	 630	 427
421	 834	 230
422	 757	 301
423	 409	 644
424	 744	 316
425	 628	 430
426	 348	 705
427	 719	 347
428	 916	 129
429	 190	 831
430	 17	 1018
431	 52	 984
432	 811	 245
433	 323	 722
434	 623	 437
435	 151	 873
436	 22	 1015
437	 912	 129
438	 591	 461
439	 367	 691
440	 843	 218
441	 452	 603
442	 828	 236
443	 119	 900
444	 236	 788
445	 996	 44
446	 864	 193
447	 999	 40
448	 108	 913
449	 18	 1018
450	 617	 444
451	 495	 549
452	 394	 669
453	 685	 378
454	 778	 277
455	 243	 779
456	 395	 664
457	 629	 428
458	 660	 400
459	 942	 90
460	 207	 822
461	 883	 167
462	 775	 284
463	 21	 1016
464	 991	 51
465	 468	 580
466	 121	 894
467	 550	 498
468	 450	 608
469	 249	 774
470	 372	 686
471	 334	 712
472	 1015	 29
473	 1014	 33
474	 836	 228
475	 688	 376
476	 94	 927
477	 135	 884
478	 564	 490
479	 331	 714
480	 481	 561
481	 142	 875
482	 938	 99
483	 357	 700
484	 217	 795
485	 380	 676
486	 464	 586
487	 1018	 26
488	 704	 365
489	 828	 235
490	 911	 132
491	 108	 912
492	 432	 620
493	 120	 899
494	 355	 700
495	 894	 161
496	 673	 389
497	 796	 260
498	 466	 582
499	 679	 387
500	 527	 522
501	 242	 779
502	 214	 801
503	 955	 81
504	 482	 561
505	 414	 635
506	 316	 729
507	 520	 529
508	 922	 118
509	 987	 53
510	 517	 530
511	 518	 530
512	 350	 703
513	 184	 840
514	 669	 393
515	 669	 392
516	 859	 207
517	 695	 372
518	 533	 515
519	 249	 775
520	 202	 826
521	 590	 466
522	 494	 549
523	 791	 270
524	 844	 216
525	 13	 1021
526	 241	 781
527	 738	 327
528	 524	 525
529	 326	 718
530	 697	 369
531	 789	 271
532	 401	 659
533	 74	 953
534	 1013	 35
535	 775	 285
536	 1031	 13
537	 394	 671
538	 990	 52
539	 527	 522
540	 326	 720
541	 358	 699
542	 410	 643
543	 896	 159
544	 615	 444
545	 566	 487
546	 733	 334
547	 177	 845
548	 417	 632
549	 940	 93
550	 2	 1034
551	 285	 754
552	 389	 673
553	 888	 167
554	 879	 169
555	 227	 790
556	 213	 807
557	 878	 169
558	 79	 943
559	 13	 1021
560	 338	 709
561	 785	 274
562	 527	 522
563	 747	 310
564	 456	 599
565	 596	 458
566	 44	 995
567	 731	 334
568	 872	 179
569	 958	 77
570	 483	 561
571	 266	 764
572	 911	 138
573	 223	 793
574	 188	 833
575	 721	 345
576	 487	 556
577	 518	 529
578	 477	 567
579	 48	 989
580	 763	 297
581	 410	 642
582	 1021	 23
583	 101	 924
584	 779	 277
585	 1022	 22
586	 510	 535
587	 669	 393
588	 725	 338
589	 866	 191
590	 645	 413
591	 924	 116
592	 161	 865
593	 476	 569
594	 408	 645
595	 1033	 4
596	 703	 368
597	 622	 437
598	 55	 976
599	 377	 680
600	 898	 158
601	 836	 227
602	 2	 1034
603	 72	 954
604	 988	 52
605	 948	 85
606	 106	 913
607	 778	 278
608	 795	 260
609	 53	 979
610	 214	 802
611	 868	 184
612	 766	 291
613	 589	 467
614	 454	 602
615	 718	 351
616	 627	 432
617	 920	 118
618	 919	 125
619	 309	 739
620	 1004	 39
621	 683	 385
622	 861	 203
623	 306	 741
624	 562	 493
625	 383	 675
626	 499	 545
627	 644	 413
628	 81	 941
629	 579	 475
630	 764	 295
631	 189	 833
632	 246	 777
633	 938	 96
634	 654	 406
635	 331	 713
636	 993	 49
637	 378	 680
638	 456	 599
639	 847	 215
640	 1031	 11
641	 919	 121
642	 575	 479
643	 1012	 35
644	 632	 425
645	 530	 522
646	 676	 387
647	 659	 402
648	 719	 351
649	 812	 243
650	 621	 439
651	 462	 592
652	 139	 877
653	 284	 755
654	 885	 167
655	 266	 765
656	 933	 104
657	 328	 717
658	 215	 800
659	 566	 489
660	 631	 427
661	 198	 827
662	 1027	 17
663	 839	 225
664	 794	 262
665	 317	 727
666	 249	 774
667	 518	 530
668	 981	 63
669	 673	 390
670	 489	 554
671	 170	 855
672	 447	 613
673	 266	 764
674	 163	 862
675	 43	 997
676	 887	 167
677	 597	 456
678	 501	 540
679	 595	 458
680	 1031	 14
681	 841	 221
682	 599	 452
683	 523	 529
684	 51	 988
685	 907	 138
686	 186	 838
687	 216	 798
688	 418	 631
689	 77	 949
690	 1018	 28
691	 685	 384
692	 752	 308
693	 364	 692
694	 738	 328
695	 972	 70
696	 831	 232
697	 954	 82
698	 145	 874
699	 251	 772
700	 57	 972
701	 427	 623
702	 715	 355
703	 875	 175
704	 755	 307
705	 395	 662
706	 455	 602
707	 969	 74
708	 58	 968
709	 714	 356
710	 248	 777
711	 746	 313
712	 716	 354
713	 271	 763
714	 578	 475
715	 592	 460
716	 633	 418
717	 160	 866
718	 724	 342
719	 1000	 40
720	 656	 402
721	 850	 214
722	 397	 661
723	 994	 48
724	 211	 811
725	 551	 497
726	 592	 460
727	 209	 813
728	 187	 835
729	 335	 711
730	 874	 175
731	 833	 231
732	 2	 1033
733	 834	 230
734	 175	 846
735	 477	 568
736	 364	 695
737	 550	 500
738	 718	 352
739	 129	 889
740	 314	 733
741	 81	 942
742	 985	 60
743	 125	 893
744	 500	 544
745	 425	 629
746	 601	 452
747	 985	 57
748	 592	 460
749	 672	 391
750	 531	 520
751	 109	 907
752	 850	 213
753	 75	 950
754	 81	 942
755	 44	 995
756	 918	 126
757	 980	 66
758	 513	 534
759	 4	 1028
760	 402	 651
761	 862	 196
762	 920	 118
763	 837	 226
764	 971	 72
765	 895	 160
766	 173	 850
767	 867	 187
768	 258	 770
769	 9	 1023
770	 720	 346
771	 256	 771
772	 792	 266
773	 206	 822
774	 1026	 20
775	 527	 522
776	 869	 182
777	 732	 334
778	 770	 288
779	 711	 356
780	 620	 441
781	 970	 73
782	 419	 630
783	 109	 912
784	 864	 196
785	 54	 977
786	 898	 157
787	 582	 473
788	 877	 170
789	 137	 879
790	 565	 489
791	 57	 973
792	 497	 547
793	 809	 247
794	 121	 898
795	 231	 789
796	 964	 77
797	 222	 793
798	 854	 211
799	 240	 782
800	 1003	 39
801	 611	 449
802	 593	 459
803	 929	 108
804	 832	 232
805	 904	 146
806	 580	 475
807	 244	 779
808	 1031	 11
809	 134	 885
810	 258	 769
811	 71	 956
812	 873	 179
813	 672	 390
814	 673	 389
815	 825	 236
816	 422	 630
817	 681	 385
818	 304	 743
819	 583	 472
820	 805	 248
821	 377	 680
822	 393	 672
823	 471	 577
824	 476	 569
825	 447	 613
826	 227	 791
827	 347	 706
828	 691	 375
829	 927	 113
830	 263	 766
831	 947	 86
832	 168	 857
833	 14	 1018
834	 524	 526
835	 926	 113
836	 560	 494
837	 195	 829
838	 6	 1027
839	 109	 907
840	 602	 451
841	 30	 1005
842	 846	 215
843	 300	 748
844	 856	 210
845	 967	 74
846	 214	 803
847	 575	 480
848	 68	 962
849	 355	 700
850	 653	 407
851	 559	 494
852	 11	 1023
853	 486	 560
854	 607	 450
855	 430	 622
856	 300	 746
857	 680	 386
858	 148	 874
859	 789	 270
860	 883	 168
861	 1021	 25
862	 994	 47
863	 218	 794
864	 39	 999
865	 62	 966
866	 873	 178
867	 786	 273
868	 640	 415
869	 294	 750
870	 633	 423
871	 782	 277
872	 865	 193
873	 610	 450
874	 661	 400
875	 177	 842
876	 11	 1022
877	 685	 377
878	 860	 205
879	 512	 535
880	 165	 862
881	 800	 256
882	 121	 896
883	 692	 375
884	 262	 767
885	 992	 50
886	 999	 41
887	 620	 440
888	 92	 927
889	 660	 402
890	 1027	 19
891	 1031	 7
892	 133	 885
893	 163	 863
894	 65	 963
895	 894	 163
896	 433	 619
897	 583	 472
898	 545	 504
899	 83	 940
900	 1033	 5
901	 169	 856
902	 406	 649
903	 388	 674
904	 823	 237
905	 843	 218
906	 926	 113
907	 842	 219
908	 431	 620
909	 889	 166
910	 476	 570
911	 405	 650
912	 179	 842
913	 308	 740
914	 526	 525
915	 867	 187
916	 740	 324
917	 243	 779
918	 304	 744
919	 168	 857
920	 90	 933
921	 799	 259
922	 811	 245
923	 978	 68
924	 965	 76
925	 874	 177
926	 77	 947
927	 229	 790
928	 638	 417
929	 160	 866
930	 514	 534
931	 365	 692
932	 328	 717
933	 560	 494
934	 725	 339
935	 622	 438
936	 189	 832
937	 143	 875
938	 64	 964
939	 588	 468
940	 463	 589
941	 903	 150
942	 837	 226
943	 669	 391
944	 829	 233
945	 36	 1002
946	 135	 881
947	 465	 582
948	 401	 658
949	 96	 927
950	 576	 479
951	 14	 1018
952	 91	 929
953	 573	 484
954	 463	 590
955	 772	 285
956	 549	 500
957	 584	 472
958	 854	 212
959	 331	 714
960	 792	 266
961	 34	 1003
962	 221	 793
963	 53	 979
964	 55	 976
965	 260	 768
966	 756	 303
967	 944	 89
968	 586	 471
969	 343	 706
970	 367	 689
971	 1028	 16
972	 936	 103
973	 26	 1013
974	 573	 483
975	 535	 515
976	 348	 705
977	 487	 558
978	 140	 876
979	 819	 240
980	 168	 860
981	 772	 285
982	 292	 752
983	 51	 985
984	 946	 87
985	 930	 108
986	 104	 918
987	 185	 838
988	 613	 446
989	 658	 402
990	 894	 163
991	 695	 370
992	 460	 596
993	 342	 706
994	 86	 935
995	 797	 259
996	 698	 369
997	 21	 1016
998	 235	 789
999	 851	 212
1000	 621	 438
1001	 994	 48
1002	 924	 114
1003	 551	 497
1004	 937	 100
1005	 952	 83
1006	 137	 878
1007	 500	 541
1008	 64	 966
1009	 432	 619
1010	 85	 939
1011	 786	 272
1012	 449	 611
1013	 647	 410
1014	 876	 174
1015	 516	 531
1016	 964	 76
1017	 531	 519
1018	 857	 210
1019	 1012	 35
1020	 642	 414
1021	 716	 353
1022	 559	 495
1023	 206	 824
1024	 479	 563
1025	 858	 209
1026	 541	 508
1027	 900	 156
1028	 729	 335
1029	 79	 943
1030	 152	 869
1031	 220	 794
1032	 719	 346
1033	 208	 814
1034	 456	 600
1035	 653	 407
;
Edge List :=
 2	 56
2	 58
2	 61
2	 67
2	 109
2	 124
2	 139
2	 373
2	 376
2	 382
2	 424
2	 439
2	 454
2	 478
2	 481
2	 487
2	 529
2	 544
2	 559
2	 580
2	 685
2	 994
1	 52
1	 55
1	 64
1	 73
1	 106
1	 121
1	 136
1	 367
1	 370
1	 379
1	 388
1	 421
1	 436
1	 451
1	 472
1	 475
1	 484
1	 493
1	 526
1	 541
1	 556
1	 991
3	 46
3	 59
3	 65
3	 70
3	 112
3	 127
3	 142
3	 361
3	 385
3	 427
3	 442
3	 457
3	 466
3	 490
3	 532
3	 547
3	 562
3	 583
3	 589
3	 688
3	 694
3	 997
4	 47
4	 49
4	 68
4	 74
4	 115
4	 130
4	 145
4	 364
4	 430
4	 445
4	 460
4	 469
4	 535
4	 550
4	 565
4	 571
4	 592
4	 598
4	 676
4	 697
4	 703
4	 1000
5	 50
5	 53
5	 62
5	 71
5	 118
5	 133
5	 148
5	 433
5	 448
5	 463
5	 538
5	 553
5	 568
5	 574
5	 577
5	 586
5	 595
5	 679
5	 682
5	 691
5	 700
5	 1003
6	 48
6	 63
6	 82
6	 85
6	 94
6	 103
6	 137
6	 397
6	 400
6	 409
6	 418
6	 502
6	 505
6	 514
6	 523
6	 661
6	 766
6	 781
6	 796
6	 886
6	 901
6	 1006
7	 51
7	 66
7	 86
7	 88
7	 91
7	 97
7	 140
7	 403
7	 406
7	 412
7	 508
7	 511
7	 517
7	 610
7	 664
7	 715
7	 769
7	 784
7	 799
7	 889
7	 904
7	 1009
8	 54
8	 69
8	 76
8	 89
8	 95
8	 100
8	 143
8	 391
8	 415
8	 496
8	 520
8	 613
8	 619
8	 667
8	 718
8	 724
8	 772
8	 787
8	 802
8	 892
8	 907
8	 1012
9	 57
9	 72
9	 77
9	 79
9	 98
9	 104
9	 146
9	 394
9	 499
9	 601
9	 622
9	 628
9	 670
9	 706
9	 727
9	 733
9	 775
9	 790
9	 805
9	 895
9	 910
9	 1015
10	 60
10	 75
10	 80
10	 83
10	 92
10	 101
10	 149
10	 604
10	 607
10	 616
10	 625
10	 673
10	 709
10	 712
10	 721
10	 730
10	 778
10	 793
10	 808
10	 898
10	 913
10	 1018
11	 78
11	 93
11	 113
11	 116
11	 125
11	 134
11	 138
11	 637
11	 640
11	 649
11	 658
11	 742
11	 745
11	 754
11	 763
11	 811
11	 826
11	 871
11	 916
11	 931
11	 976
11	 1021
12	 81
12	 96
12	 117
12	 119
12	 122
12	 128
12	 141
12	 643
12	 646
12	 652
12	 748
12	 751
12	 757
12	 814
12	 829
12	 850
12	 874
12	 919
12	 934
12	 955
12	 979
12	 1024
13	 84
13	 99
13	 107
13	 120
13	 126
13	 131
13	 144
13	 631
13	 655
13	 736
13	 760
13	 817
13	 832
13	 853
13	 859
13	 877
13	 922
13	 937
13	 958
13	 964
13	 982
13	 1027
14	 87
14	 102
14	 108
14	 110
14	 129
14	 135
14	 147
14	 634
14	 739
14	 820
14	 835
14	 841
14	 862
14	 868
14	 880
14	 925
14	 940
14	 946
14	 967
14	 973
14	 985
14	 1030
15	 90
15	 105
15	 111
15	 114
15	 123
15	 132
15	 150
15	 823
15	 838
15	 844
15	 847
15	 856
15	 865
15	 883
15	 928
15	 943
15	 949
15	 952
15	 961
15	 970
15	 988
15	 1033
16	 157
16	 160
16	 169
16	 178
16	 211
16	 226
16	 241
16	 578
16	 581
16	 590
16	 599
16	 632
16	 647
16	 662
16	 788
16	 791
16	 800
16	 809
16	 842
16	 857
16	 872
16	 992
17	 161
17	 163
17	 166
17	 172
17	 214
17	 229
17	 244
17	 371
17	 584
17	 587
17	 593
17	 635
17	 650
17	 665
17	 794
17	 797
17	 803
17	 845
17	 860
17	 875
17	 896
17	 995
18	 151
18	 164
18	 170
18	 175
18	 217
18	 232
18	 247
18	 374
18	 380
18	 572
18	 596
18	 638
18	 653
18	 668
18	 782
18	 806
18	 848
18	 863
18	 878
18	 899
18	 905
18	 998
19	 152
19	 154
19	 173
19	 179
19	 220
19	 235
19	 250
19	 362
19	 383
19	 389
19	 575
19	 641
19	 656
19	 671
19	 785
19	 851
19	 866
19	 881
19	 887
19	 908
19	 914
19	 1001
20	 155
20	 158
20	 167
20	 176
20	 223
20	 238
20	 253
20	 365
20	 368
20	 377
20	 386
20	 644
20	 659
20	 674
20	 854
20	 869
20	 884
20	 890
20	 893
20	 902
20	 911
20	 1004
21	 153
21	 168
21	 187
21	 190
21	 199
21	 208
21	 242
21	 452
21	 467
21	 482
21	 608
21	 611
21	 620
21	 629
21	 677
21	 692
21	 818
21	 821
21	 830
21	 839
21	 977
21	 1007
22	 156
22	 171
22	 191
22	 193
22	 196
22	 202
22	 245
22	 401
22	 455
22	 470
22	 485
22	 614
22	 617
22	 623
22	 680
22	 695
22	 824
22	 827
22	 833
22	 926
22	 980
22	 1010
23	 159
23	 174
23	 181
23	 194
23	 200
23	 205
23	 248
23	 404
23	 410
23	 458
23	 473
23	 488
23	 602
23	 626
23	 683
23	 698
23	 812
23	 836
23	 929
23	 935
23	 983
23	 1013
24	 162
24	 177
24	 182
24	 184
24	 203
24	 209
24	 251
24	 392
24	 413
24	 419
24	 461
24	 476
24	 491
24	 605
24	 686
24	 701
24	 815
24	 917
24	 938
24	 944
24	 986
24	 1016
25	 165
25	 180
25	 185
25	 188
25	 197
25	 206
25	 254
25	 395
25	 398
25	 407
25	 416
25	 464
25	 479
25	 494
25	 689
25	 704
25	 920
25	 923
25	 932
25	 941
25	 989
25	 1019
26	 183
26	 198
26	 218
26	 221
26	 230
26	 239
26	 243
26	 428
26	 431
26	 440
26	 449
26	 497
26	 512
26	 557
26	 707
26	 722
26	 767
26	 953
26	 956
26	 965
26	 974
26	 1022
27	 186
27	 201
27	 222
27	 224
27	 227
27	 233
27	 246
27	 434
27	 437
27	 443
27	 500
27	 515
27	 536
27	 560
27	 710
27	 725
27	 746
27	 770
27	 959
27	 962
27	 968
27	 1025
28	 189
28	 204
28	 212
28	 225
28	 231
28	 236
28	 249
28	 422
28	 446
28	 503
28	 518
28	 539
28	 545
28	 563
28	 713
28	 728
28	 749
28	 755
28	 773
28	 947
28	 971
28	 1028
29	 192
29	 207
29	 213
29	 215
29	 234
29	 240
29	 252
29	 425
29	 506
29	 521
29	 527
29	 548
29	 554
29	 566
29	 716
29	 731
29	 737
29	 758
29	 764
29	 776
29	 950
29	 1031
30	 195
30	 210
30	 216
30	 219
30	 228
30	 237
30	 255
30	 509
30	 524
30	 530
30	 533
30	 542
30	 551
30	 569
30	 719
30	 734
30	 740
30	 743
30	 752
30	 761
30	 779
30	 1034
31	 262
31	 265
31	 274
31	 283
31	 316
31	 331
31	 346
31	 684
31	 687
31	 696
31	 705
31	 738
31	 753
31	 768
31	 894
31	 897
31	 906
31	 915
31	 948
31	 963
31	 978
31	 993
32	 266
32	 268
32	 271
32	 277
32	 319
32	 334
32	 349
32	 477
32	 690
32	 693
32	 699
32	 741
32	 756
32	 771
32	 792
32	 900
32	 903
32	 909
32	 951
32	 966
32	 981
32	 996
33	 256
33	 269
33	 275
33	 280
33	 322
33	 337
33	 352
33	 480
33	 486
33	 678
33	 702
33	 744
33	 759
33	 774
33	 795
33	 801
33	 888
33	 912
33	 954
33	 969
33	 984
33	 999
34	 257
34	 259
34	 278
34	 284
34	 325
34	 340
34	 355
34	 468
34	 489
34	 495
34	 681
34	 747
34	 762
34	 777
34	 783
34	 804
34	 810
34	 891
34	 957
34	 972
34	 987
34	 1002
35	 260
35	 263
35	 272
35	 281
35	 328
35	 343
35	 358
35	 471
35	 474
35	 483
35	 492
35	 750
35	 765
35	 780
35	 786
35	 789
35	 798
35	 807
35	 960
35	 975
35	 990
35	 1005
36	 258
36	 273
36	 292
36	 295
36	 304
36	 313
36	 347
36	 363
36	 378
36	 558
36	 573
36	 588
36	 714
36	 717
36	 726
36	 735
36	 873
36	 924
36	 927
36	 936
36	 945
36	 1008
37	 261
37	 276
37	 296
37	 298
37	 301
37	 307
37	 350
37	 366
37	 381
37	 507
37	 561
37	 576
37	 591
37	 720
37	 723
37	 729
37	 822
37	 876
37	 930
37	 933
37	 939
37	 1011
38	 264
38	 279
38	 286
38	 299
38	 305
38	 310
38	 353
38	 369
38	 384
38	 510
38	 516
38	 564
38	 579
38	 594
38	 708
38	 732
38	 825
38	 831
38	 879
38	 918
38	 942
38	 1014
39	 267
39	 282
39	 287
39	 289
39	 308
39	 314
39	 356
39	 372
39	 387
39	 498
39	 519
39	 525
39	 567
39	 582
39	 597
39	 711
39	 813
39	 834
39	 840
39	 882
39	 921
39	 1017
40	 270
40	 285
40	 290
40	 293
40	 302
40	 311
40	 359
40	 375
40	 390
40	 501
40	 504
40	 513
40	 522
40	 570
40	 585
40	 600
40	 816
40	 819
40	 828
40	 837
40	 885
40	 1020
41	 288
41	 303
41	 323
41	 326
41	 335
41	 344
41	 348
41	 393
41	 408
41	 453
41	 534
41	 537
41	 546
41	 555
41	 603
41	 618
41	 663
41	 849
41	 852
41	 861
41	 870
41	 1023
42	 291
42	 306
42	 327
42	 329
42	 332
42	 338
42	 351
42	 396
42	 411
42	 432
42	 456
42	 540
42	 543
42	 549
42	 606
42	 621
42	 642
42	 666
42	 855
42	 858
42	 864
42	 1026
43	 294
43	 309
43	 317
43	 330
43	 336
43	 341
43	 354
43	 399
43	 414
43	 435
43	 441
43	 459
43	 528
43	 552
43	 609
43	 624
43	 645
43	 651
43	 669
43	 843
43	 867
43	 1029
44	 297
44	 312
44	 318
44	 320
44	 339
44	 345
44	 357
44	 402
44	 417
44	 423
44	 444
44	 450
44	 462
44	 531
44	 612
44	 627
44	 633
44	 654
44	 660
44	 672
44	 846
44	 1032
45	 300
45	 315
45	 321
45	 324
45	 333
45	 342
45	 360
45	 405
45	 420
45	 426
45	 429
45	 438
45	 447
45	 465
45	 615
45	 630
45	 636
45	 639
45	 648
45	 657
45	 675
45	 1035
46	 47
46	 48
47	 48
49	 50
49	 51
50	 51
52	 53
52	 54
53	 54
55	 56
55	 57
56	 57
58	 59
58	 60
59	 60
61	 62
61	 63
62	 63
64	 65
64	 66
65	 66
67	 68
67	 69
68	 69
70	 71
70	 72
71	 72
73	 74
73	 75
74	 75
76	 77
76	 78
77	 78
79	 80
79	 81
80	 81
82	 83
82	 84
83	 84
85	 86
85	 87
86	 87
88	 89
88	 90
89	 90
91	 92
91	 93
92	 93
94	 95
94	 96
95	 96
97	 98
97	 99
98	 99
100	 101
100	 102
101	 102
103	 104
103	 105
104	 105
106	 107
106	 108
107	 108
109	 110
109	 111
110	 111
112	 113
112	 114
113	 114
115	 116
115	 117
116	 117
118	 119
118	 120
119	 120
121	 122
121	 123
122	 123
124	 125
124	 126
125	 126
127	 128
127	 129
128	 129
130	 131
130	 132
131	 132
133	 134
133	 135
134	 135
136	 137
136	 138
137	 138
139	 140
139	 141
140	 141
142	 143
142	 144
143	 144
145	 146
145	 147
146	 147
148	 149
148	 150
149	 150
151	 152
151	 153
152	 153
154	 155
154	 156
155	 156
157	 158
157	 159
158	 159
160	 161
160	 162
161	 162
163	 164
163	 165
164	 165
166	 167
166	 168
167	 168
169	 170
169	 171
170	 171
172	 173
172	 174
173	 174
175	 176
175	 177
176	 177
178	 179
178	 180
179	 180
181	 182
181	 183
182	 183
184	 185
184	 186
185	 186
187	 188
187	 189
188	 189
190	 191
190	 192
191	 192
193	 194
193	 195
194	 195
196	 197
196	 198
197	 198
199	 200
199	 201
200	 201
202	 203
202	 204
203	 204
205	 206
205	 207
206	 207
208	 209
208	 210
209	 210
211	 212
211	 213
212	 213
214	 215
214	 216
215	 216
217	 218
217	 219
218	 219
220	 221
220	 222
221	 222
223	 224
223	 225
224	 225
226	 227
226	 228
227	 228
229	 230
229	 231
230	 231
232	 233
232	 234
233	 234
235	 236
235	 237
236	 237
238	 239
238	 240
239	 240
241	 242
241	 243
242	 243
244	 245
244	 246
245	 246
247	 248
247	 249
248	 249
250	 251
250	 252
251	 252
253	 254
253	 255
254	 255
256	 257
256	 258
257	 258
259	 260
259	 261
260	 261
262	 263
262	 264
263	 264
265	 266
265	 267
266	 267
268	 269
268	 270
269	 270
271	 272
271	 273
272	 273
274	 275
274	 276
275	 276
277	 278
277	 279
278	 279
280	 281
280	 282
281	 282
283	 284
283	 285
284	 285
286	 287
286	 288
287	 288
289	 290
289	 291
290	 291
292	 293
292	 294
293	 294
295	 296
295	 297
296	 297
298	 299
298	 300
299	 300
301	 302
301	 303
302	 303
304	 305
304	 306
305	 306
307	 308
307	 309
308	 309
310	 311
310	 312
311	 312
313	 314
313	 315
314	 315
316	 317
316	 318
317	 318
319	 320
319	 321
320	 321
322	 323
322	 324
323	 324
325	 326
325	 327
326	 327
328	 329
328	 330
329	 330
331	 332
331	 333
332	 333
334	 335
334	 336
335	 336
337	 338
337	 339
338	 339
340	 341
340	 342
341	 342
343	 344
343	 345
344	 345
346	 347
346	 348
347	 348
349	 350
349	 351
350	 351
352	 353
352	 354
353	 354
355	 356
355	 357
356	 357
358	 359
358	 360
359	 360
361	 362
361	 363
362	 363
364	 365
364	 366
365	 366
367	 368
367	 369
368	 369
370	 371
370	 372
371	 372
373	 374
373	 375
374	 375
376	 377
376	 378
377	 378
379	 380
379	 381
380	 381
382	 383
382	 384
383	 384
385	 386
385	 387
386	 387
388	 389
388	 390
389	 390
391	 392
391	 393
392	 393
394	 395
394	 396
395	 396
397	 398
397	 399
398	 399
400	 401
400	 402
401	 402
403	 404
403	 405
404	 405
406	 407
406	 408
407	 408
409	 410
409	 411
410	 411
412	 413
412	 414
413	 414
415	 416
415	 417
416	 417
418	 419
418	 420
419	 420
421	 422
421	 423
422	 423
424	 425
424	 426
425	 426
427	 428
427	 429
428	 429
430	 431
430	 432
431	 432
433	 434
433	 435
434	 435
436	 437
436	 438
437	 438
439	 440
439	 441
440	 441
442	 443
442	 444
443	 444
445	 446
445	 447
446	 447
448	 449
448	 450
449	 450
451	 452
451	 453
452	 453
454	 455
454	 456
455	 456
457	 458
457	 459
458	 459
460	 461
460	 462
461	 462
463	 464
463	 465
464	 465
466	 467
466	 468
467	 468
469	 470
469	 471
470	 471
472	 473
472	 474
473	 474
475	 476
475	 477
476	 477
478	 479
478	 480
479	 480
481	 482
481	 483
482	 483
484	 485
484	 486
485	 486
487	 488
487	 489
488	 489
490	 491
490	 492
491	 492
493	 494
493	 495
494	 495
496	 497
496	 498
497	 498
499	 500
499	 501
500	 501
502	 503
502	 504
503	 504
505	 506
505	 507
506	 507
508	 509
508	 510
509	 510
511	 512
511	 513
512	 513
514	 515
514	 516
515	 516
517	 518
517	 519
518	 519
520	 521
520	 522
521	 522
523	 524
523	 525
524	 525
526	 527
526	 528
527	 528
529	 530
529	 531
530	 531
532	 533
532	 534
533	 534
535	 536
535	 537
536	 537
538	 539
538	 540
539	 540
541	 542
541	 543
542	 543
544	 545
544	 546
545	 546
547	 548
547	 549
548	 549
550	 551
550	 552
551	 552
553	 554
553	 555
554	 555
556	 557
556	 558
557	 558
559	 560
559	 561
560	 561
562	 563
562	 564
563	 564
565	 566
565	 567
566	 567
568	 569
568	 570
569	 570
571	 572
571	 573
572	 573
574	 575
574	 576
575	 576
577	 578
577	 579
578	 579
580	 581
580	 582
581	 582
583	 584
583	 585
584	 585
586	 587
586	 588
587	 588
589	 590
589	 591
590	 591
592	 593
592	 594
593	 594
595	 596
595	 597
596	 597
598	 599
598	 600
599	 600
601	 602
601	 603
602	 603
604	 605
604	 606
605	 606
607	 608
607	 609
608	 609
610	 611
610	 612
611	 612
613	 614
613	 615
614	 615
616	 617
616	 618
617	 618
619	 620
619	 621
620	 621
622	 623
622	 624
623	 624
625	 626
625	 627
626	 627
628	 629
628	 630
629	 630
631	 632
631	 633
632	 633
634	 635
634	 636
635	 636
637	 638
637	 639
638	 639
640	 641
640	 642
641	 642
643	 644
643	 645
644	 645
646	 647
646	 648
647	 648
649	 650
649	 651
650	 651
652	 653
652	 654
653	 654
655	 656
655	 657
656	 657
658	 659
658	 660
659	 660
661	 662
661	 663
662	 663
664	 665
664	 666
665	 666
667	 668
667	 669
668	 669
670	 671
670	 672
671	 672
673	 674
673	 675
674	 675
676	 677
676	 678
677	 678
679	 680
679	 681
680	 681
682	 683
682	 684
683	 684
685	 686
685	 687
686	 687
688	 689
688	 690
689	 690
691	 692
691	 693
692	 693
694	 695
694	 696
695	 696
697	 698
697	 699
698	 699
700	 701
700	 702
701	 702
703	 704
703	 705
704	 705
706	 707
706	 708
707	 708
709	 710
709	 711
710	 711
712	 713
712	 714
713	 714
715	 716
715	 717
716	 717
718	 719
718	 720
719	 720
721	 722
721	 723
722	 723
724	 725
724	 726
725	 726
727	 728
727	 729
728	 729
730	 731
730	 732
731	 732
733	 734
733	 735
734	 735
736	 737
736	 738
737	 738
739	 740
739	 741
740	 741
742	 743
742	 744
743	 744
745	 746
745	 747
746	 747
748	 749
748	 750
749	 750
751	 752
751	 753
752	 753
754	 755
754	 756
755	 756
757	 758
757	 759
758	 759
760	 761
760	 762
761	 762
763	 764
763	 765
764	 765
766	 767
766	 768
767	 768
769	 770
769	 771
770	 771
772	 773
772	 774
773	 774
775	 776
775	 777
776	 777
778	 779
778	 780
779	 780
781	 782
781	 783
782	 783
784	 785
784	 786
785	 786
787	 788
787	 789
788	 789
790	 791
790	 792
791	 792
793	 794
793	 795
794	 795
796	 797
796	 798
797	 798
799	 800
799	 801
800	 801
802	 803
802	 804
803	 804
805	 806
805	 807
806	 807
808	 809
808	 810
809	 810
811	 812
811	 813
812	 813
814	 815
814	 816
815	 816
817	 818
817	 819
818	 819
820	 821
820	 822
821	 822
823	 824
823	 825
824	 825
826	 827
826	 828
827	 828
829	 830
829	 831
830	 831
832	 833
832	 834
833	 834
835	 836
835	 837
836	 837
838	 839
838	 840
839	 840
841	 842
841	 843
842	 843
844	 845
844	 846
845	 846
847	 848
847	 849
848	 849
850	 851
850	 852
851	 852
853	 854
853	 855
854	 855
856	 857
856	 858
857	 858
859	 860
859	 861
860	 861
862	 863
862	 864
863	 864
865	 866
865	 867
866	 867
868	 869
868	 870
869	 870
871	 872
871	 873
872	 873
874	 875
874	 876
875	 876
877	 878
877	 879
878	 879
880	 881
880	 882
881	 882
883	 884
883	 885
884	 885
886	 887
886	 888
887	 888
889	 890
889	 891
890	 891
892	 893
892	 894
893	 894
895	 896
895	 897
896	 897
898	 899
898	 900
899	 900
901	 902
901	 903
902	 903
904	 905
904	 906
905	 906
907	 908
907	 909
908	 909
910	 911
910	 912
911	 912
913	 914
913	 915
914	 915
916	 917
916	 918
917	 918
919	 920
919	 921
920	 921
922	 923
922	 924
923	 924
925	 926
925	 927
926	 927
928	 929
928	 930
929	 930
931	 932
931	 933
932	 933
934	 935
934	 936
935	 936
937	 938
937	 939
938	 939
940	 941
940	 942
941	 942
943	 944
943	 945
944	 945
946	 947
946	 948
947	 948
949	 950
949	 951
950	 951
952	 953
952	 954
953	 954
955	 956
955	 957
956	 957
958	 959
958	 960
959	 960
961	 962
961	 963
962	 963
964	 965
964	 966
965	 966
967	 968
967	 969
968	 969
970	 971
970	 972
971	 972
973	 974
973	 975
974	 975
976	 977
976	 978
977	 978
979	 980
979	 981
980	 981
982	 983
982	 984
983	 984
985	 986
985	 987
986	 987
988	 989
988	 990
989	 990
991	 992
991	 993
992	 993
994	 995
994	 996
995	 996
997	 998
997	 999
998	 999
1000	 1001
1000	 1002
1001	 1002
1003	 1004
1003	 1005
1004	 1005
1006	 1007
1006	 1008
1007	 1008
1009	 1010
1009	 1011
1010	 1011
1012	 1013
1012	 1014
1013	 1014
1015	 1016
1015	 1017
1016	 1017
1018	 1019
1018	 1020
1019	 1020
1021	 1022
1021	 1023
1022	 1023
1024	 1025
1024	 1026
1025	 1026
1027	 1028
1027	 1029
1028	 1029
1030	 1031
1030	 1032
1031	 1032
1033	 1034
1033	 1035
1034	 1035
;