n := 1035;
B := 177811;
param : n c w:=
1	 376	 392
2	 690	 676
3	 615	 607
4	 574	 577
5	 870	 853
6	 679	 667
7	 71	 68
8	 818	 784
9	 270	 300
10	 713	 695
11	 201	 213
12	 622	 612
13	 897	 885
14	 821	 786
15	 723	 705
16	 885	 872
17	 127	 128
18	 67	 62
19	 998	 989
20	 480	 477
21	 987	 981
22	 991	 983
23	 369	 387
24	 869	 852
25	 354	 375
26	 71	 69
27	 1024	 1024
28	 852	 841
29	 305	 333
30	 290	 325
31	 243	 267
32	 960	 960
33	 496	 490
34	 790	 755
35	 446	 449
36	 900	 889
37	 654	 644
38	 418	 426
39	 879	 868
40	 322	 355
41	 868	 851
42	 500	 496
43	 870	 852
44	 152	 156
45	 947	 944
46	 809	 770
47	 833	 805
48	 48	 47
49	 810	 770
50	 214	 236
51	 575	 580
52	 433	 435
53	 202	 213
54	 557	 552
55	 577	 584
56	 805	 765
57	 663	 661
58	 886	 873
59	 698	 680
60	 530	 524
61	 481	 478
62	 155	 163
63	 956	 959
64	 873	 860
65	 895	 881
66	 426	 429
67	 790	 755
68	 271	 303
69	 173	 186
70	 90	 98
71	 9	 10
72	 646	 630
73	 687	 675
74	 542	 537
75	 806	 767
76	 756	 724
77	 534	 529
78	 163	 168
79	 1020	 1021
80	 140	 148
81	 311	 336
82	 516	 511
83	 171	 179
84	 318	 350
85	 508	 506
86	 140	 148
87	 512	 511
88	 156	 163
89	 388	 397
90	 188	 204
91	 271	 304
92	 137	 142
93	 560	 563
94	 199	 212
95	 280	 312
96	 575	 578
97	 474	 474
98	 1028	 1029
99	 506	 500
100	 178	 193
101	 348	 373
102	 836	 813
103	 428	 430
104	 896	 884
105	 464	 466
106	 248	 279
107	 187	 199
108	 868	 852
109	 753	 724
110	 627	 619
111	 896	 883
112	 895	 880
113	 725	 707
114	 542	 536
115	 546	 539
116	 233	 261
117	 757	 727
118	 167	 172
119	 429	 430
120	 408	 418
121	 731	 709
122	 667	 662
123	 82	 90
124	 620	 608
125	 407	 413
126	 114	 115
127	 705	 689
128	 706	 692
129	 873	 861
130	 206	 217
131	 642	 625
132	 977	 967
133	 382	 394
134	 533	 529
135	 706	 690
136	 167	 172
137	 147	 154
138	 457	 458
139	 1001	 996
140	 451	 455
141	 356	 379
142	 885	 871
143	 99	 101
144	 668	 663
145	 991	 981
146	 584	 588
147	 499	 492
148	 707	 692
149	 8	 10
150	 475	 476
151	 904	 893
152	 481	 479
153	 125	 124
154	 44	 41
155	 942	 942
156	 849	 836
157	 460	 461
158	 913	 907
159	 927	 926
160	 907	 902
161	 853	 841
162	 939	 938
163	 677	 666
164	 598	 601
165	 550	 545
166	 165	 171
167	 239	 265
168	 942	 942
169	 215	 239
170	 169	 177
171	 704	 685
172	 458	 460
173	 715	 700
174	 188	 201
175	 149	 154
176	 312	 340
177	 645	 628
178	 44	 41
179	 237	 264
180	 983	 972
181	 1010	 1009
182	 432	 432
183	 780	 748
184	 853	 842
185	 503	 496
186	 456	 458
187	 660	 650
188	 542	 535
189	 14	 13
190	 68	 64
191	 770	 738
192	 312	 338
193	 798	 759
194	 558	 560
195	 29	 25
196	 826	 791
197	 325	 356
198	 919	 910
199	 915	 907
200	 665	 661
201	 794	 757
202	 391	 400
203	 616	 607
204	 919	 910
205	 90	 97
206	 138	 144
207	 434	 437
208	 115	 118
209	 1002	 998
210	 532	 528
211	 604	 604
212	 876	 864
213	 684	 673
214	 389	 399
215	 558	 556
216	 536	 530
217	 526	 523
218	 1007	 1004
219	 650	 633
220	 435	 439
221	 872	 859
222	 963	 960
223	 949	 946
224	 937	 937
225	 31	 27
226	 826	 790
227	 458	 459
228	 424	 427
229	 161	 166
230	 272	 305
231	 817	 779
232	 937	 936
233	 351	 374
234	 20	 15
235	 231	 261
236	 400	 407
237	 581	 587
238	 805	 765
239	 115	 116
240	 10	 11
241	 734	 710
242	 118	 122
243	 938	 937
244	 703	 684
245	 794	 758
246	 551	 546
247	 881	 870
248	 49	 50
249	 819	 784
250	 900	 887
251	 206	 217
252	 662	 656
253	 611	 606
254	 216	 242
255	 111	 112
256	 152	 157
257	 154	 158
258	 777	 748
259	 531	 525
260	 630	 621
261	 649	 633
262	 1016	 1019
263	 510	 507
264	 498	 490
265	 258	 283
266	 907	 900
267	 275	 307
268	 787	 755
269	 892	 878
270	 371	 389
271	 335	 358
272	 672	 665
273	 838	 817
274	 402	 411
275	 998	 989
276	 14	 13
277	 360	 380
278	 396	 404
279	 415	 422
280	 159	 165
281	 660	 652
282	 36	 33
283	 725	 705
284	 1003	 1001
285	 72	 73
286	 345	 371
287	 659	 648
288	 43	 40
289	 824	 787
290	 297	 333
291	 828	 793
292	 648	 631
293	 227	 258
294	 910	 906
295	 814	 773
296	 1010	 1009
297	 1018	 1021
298	 734	 711
299	 283	 314
300	 592	 593
301	 758	 729
302	 907	 905
303	 127	 125
304	 285	 315
305	 935	 935
306	 563	 568
307	 578	 586
308	 916	 908
309	 1002	 999
310	 920	 910
311	 441	 443
312	 876	 863
313	 318	 350
314	 342	 364
315	 401	 410
316	 368	 386
317	 668	 663
318	 338	 362
319	 629	 619
320	 306	 334
321	 849	 836
322	 384	 394
323	 437	 442
324	 651	 636
325	 99	 101
326	 740	 717
327	 65	 59
328	 606	 604
329	 262	 288
330	 195	 210
331	 1015	 1016
332	 905	 893
333	 999	 992
334	 996	 985
335	 696	 678
336	 969	 964
337	 380	 393
338	 625	 617
339	 832	 803
340	 1030	 1031
341	 658	 647
342	 74	 76
343	 553	 550
344	 556	 551
345	 940	 939
346	 557	 552
347	 86	 92
348	 1016	 1016
349	 72	 71
350	 872	 860
351	 728	 707
352	 1012	 1010
353	 545	 538
354	 510	 507
355	 396	 402
356	 1026	 1027
357	 261	 285
358	 506	 500
359	 210	 228
360	 800	 763
361	 732	 710
362	 856	 843
363	 230	 260
364	 708	 693
365	 695	 678
366	 449	 452
367	 592	 595
368	 211	 231
369	 117	 120
370	 66	 59
371	 1000	 995
372	 565	 571
373	 96	 101
374	 856	 848
375	 928	 926
376	 237	 263
377	 128	 132
378	 1011	 1010
379	 536	 532
380	 756	 726
381	 243	 273
382	 250	 280
383	 456	 457
384	 835	 809
385	 682	 671
386	 225	 257
387	 1001	 997
388	 52	 54
389	 511	 507
390	 496	 489
391	 276	 308
392	 638	 624
393	 901	 891
394	 925	 918
395	 279	 309
396	 731	 709
397	 200	 213
398	 676	 666
399	 1030	 1031
400	 615	 606
401	 507	 501
402	 453	 455
403	 44	 44
404	 497	 490
405	 740	 717
406	 282	 314
407	 717	 701
408	 954	 951
409	 1023	 1023
410	 931	 931
411	 130	 138
412	 305	 334
413	 186	 199
414	 504	 496
415	 159	 165
416	 292	 329
417	 388	 397
418	 224	 257
419	 791	 756
420	 521	 512
421	 985	 976
422	 293	 333
423	 967	 964
424	 877	 866
425	 558	 556
426	 33	 29
427	 241	 265
428	 130	 134
429	 41	 38
430	 136	 139
431	 412	 419
432	 920	 911
433	 412	 418
434	 999	 992
435	 633	 624
436	 36	 34
437	 377	 392
438	 493	 488
439	 368	 387
440	 341	 362
441	 89	 97
442	 541	 535
443	 785	 753
444	 781	 749
445	 682	 671
446	 565	 571
447	 553	 548
448	 845	 830
449	 1016	 1018
450	 194	 206
451	 293	 330
452	 359	 379
453	 673	 665
454	 26	 23
455	 820	 786
456	 1	 1
457	 634	 624
458	 956	 953
459	 142	 150
460	 681	 668
461	 561	 566
462	 268	 293
463	 508	 501
464	 893	 878
465	 559	 562
466	 526	 519
467	 345	 372
468	 386	 396
469	 792	 756
470	 921	 912
471	 886	 872
472	 705	 687
473	 139	 147
474	 804	 764
475	 917	 910
476	 286	 320
477	 266	 288
478	 286	 318
479	 795	 759
480	 1027	 1028
481	 926	 925
482	 260	 284
483	 659	 648
484	 658	 648
485	 575	 579
486	 893	 880
487	 403	 413
488	 793	 757
489	 588	 592
490	 653	 642
491	 442	 443
492	 991	 982
493	 37	 35
494	 455	 455
495	 557	 551
496	 861	 849
497	 717	 702
498	 316	 347
499	 816	 774
500	 2	 1
501	 703	 682
502	 246	 276
503	 999	 994
504	 107	 108
505	 845	 823
506	 112	 115
507	 462	 463
508	 279	 310
509	 162	 168
510	 20	 16
511	 175	 188
512	 252	 282
513	 594	 596
514	 448	 449
515	 94	 99
516	 978	 968
517	 44	 43
518	 317	 348
519	 110	 112
520	 150	 154
521	 159	 165
522	 318	 350
523	 931	 931
524	 686	 674
525	 833	 806
526	 171	 181
527	 774	 746
528	 37	 35
529	 266	 293
530	 709	 694
531	 182	 196
532	 81	 87
533	 627	 618
534	 469	 470
535	 154	 161
536	 197	 211
537	 281	 313
538	 902	 892
539	 1025	 1024
540	 210	 230
541	 560	 562
542	 986	 977
543	 321	 354
544	 711	 694
545	 624	 614
546	 1007	 1003
547	 45	 44
548	 897	 886
549	 929	 930
550	 70	 68
551	 812	 773
552	 630	 620
553	 433	 435
554	 553	 548
555	 168	 177
556	 842	 819
557	 818	 782
558	 338	 360
559	 939	 938
560	 54	 54
561	 70	 67
562	 624	 615
563	 794	 757
564	 252	 282
565	 806	 767
566	 436	 440
567	 129	 133
568	 91	 99
569	 542	 536
570	 844	 820
571	 553	 547
572	 447	 449
573	 817	 781
574	 906	 897
575	 923	 913
576	 579	 587
577	 66	 60
578	 646	 630
579	 839	 818
580	 625	 617
581	 668	 662
582	 83	 91
583	 524	 518
584	 449	 450
585	 774	 741
586	 1008	 1007
587	 58	 55
588	 72	 70
589	 375	 390
590	 977	 966
591	 750	 719
592	 858	 848
593	 763	 736
594	 167	 174
595	 574	 578
596	 954	 951
597	 179	 196
598	 308	 334
599	 876	 862
600	 288	 321
601	 326	 357
602	 619	 608
603	 48	 46
604	 702	 682
605	 233	 261
606	 796	 759
607	 266	 289
608	 697	 679
609	 445	 447
610	 464	 467
611	 167	 175
612	 464	 464
613	 26	 23
614	 414	 420
615	 932	 931
616	 576	 580
617	 342	 364
618	 784	 749
619	 595	 601
620	 784	 749
621	 871	 853
622	 25	 23
623	 830	 800
624	 3	 5
625	 679	 667
626	 577	 584
627	 22	 18
628	 928	 930
629	 738	 715
630	 379	 393
631	 982	 971
632	 23	 20
633	 433	 432
634	 39	 36
635	 163	 171
636	 12	 13
637	 652	 639
638	 425	 429
639	 968	 964
640	 793	 757
641	 560	 565
642	 538	 533
643	 51	 52
644	 984	 975
645	 183	 197
646	 34	 31
647	 71	 70
648	 952	 949
649	 595	 600
650	 970	 964
651	 691	 676
652	 890	 876
653	 369	 387
654	 16	 14
655	 936	 936
656	 234	 262
657	 736	 714
658	 391	 400
659	 44	 41
660	 620	 611
661	 356	 378
662	 851	 839
663	 67	 61
664	 897	 886
665	 81	 89
666	 239	 264
667	 651	 636
668	 402	 412
669	 491	 486
670	 709	 693
671	 293	 329
672	 576	 584
673	 42	 38
674	 925	 920
675	 591	 593
676	 106	 105
677	 653	 641
678	 720	 704
679	 808	 768
680	 242	 265
681	 798	 760
682	 775	 746
683	 959	 959
684	 195	 208
685	 285	 318
686	 319	 351
687	 80	 87
688	 993	 984
689	 1001	 995
690	 49	 50
691	 367	 383
692	 638	 624
693	 555	 550
694	 765	 736
695	 1022	 1022
696	 127	 127
697	 526	 519
698	 287	 321
699	 661	 654
700	 661	 655
701	 342	 365
702	 834	 808
703	 997	 987
704	 524	 517
705	 926	 925
706	 279	 308
707	 102	 105
708	 848	 836
709	 192	 205
710	 907	 897
711	 132	 138
712	 758	 731
713	 102	 104
714	 774	 740
715	 749	 718
716	 882	 871
717	 686	 674
718	 747	 718
719	 128	 132
720	 500	 494
721	 791	 756
722	 706	 689
723	 50	 51
724	 244	 274
725	 19	 14
726	 25	 22
727	 400	 407
728	 483	 481
729	 907	 902
730	 733	 710
731	 952	 948
732	 714	 695
733	 34	 29
734	 447	 449
735	 84	 91
736	 327	 357
737	 715	 695
738	 880	 870
739	 504	 498
740	 397	 406
741	 1008	 1006
742	 1003	 1000
743	 563	 569
744	 130	 135
745	 916	 908
746	 979	 970
747	 268	 293
748	 676	 666
749	 223	 255
750	 456	 456
751	 178	 191
752	 222	 255
753	 333	 357
754	 399	 406
755	 570	 575
756	 989	 981
757	 242	 267
758	 669	 664
759	 509	 506
760	 899	 886
761	 943	 943
762	 4	 8
763	 174	 188
764	 799	 763
765	 269	 296
766	 681	 670
767	 491	 486
768	 924	 913
769	 974	 965
770	 251	 281
771	 838	 815
772	 772	 740
773	 527	 523
774	 998	 991
775	 581	 588
776	 836	 813
777	 313	 343
778	 2	 3
779	 49	 49
780	 560	 564
781	 44	 41
782	 195	 210
783	 476	 476
784	 880	 870
785	 619	 608
786	 4	 9
787	 855	 842
788	 735	 713
789	 186	 198
790	 662	 657
791	 703	 683
792	 738	 716
793	 207	 223
794	 262	 288
795	 169	 177
796	 825	 788
797	 348	 373
798	 531	 524
799	 317	 349
800	 248	 278
801	 953	 950
802	 776	 746
803	 491	 484
804	 393	 402
805	 573	 577
806	 64	 58
807	 373	 389
808	 162	 168
809	 447	 449
810	 846	 833
811	 11	 11
812	 592	 595
813	 150	 155
814	 756	 725
815	 647	 631
816	 693	 677
817	 206	 218
818	 594	 596
819	 993	 984
820	 474	 474
821	 416	 426
822	 575	 579
823	 243	 267
824	 154	 160
825	 607	 605
826	 216	 242
827	 574	 578
828	 835	 811
829	 494	 489
830	 208	 226
831	 88	 95
832	 309	 335
833	 176	 188
834	 631	 622
835	 845	 822
836	 880	 870
837	 209	 226
838	 1023	 1022
839	 253	 282
840	 450	 454
841	 390	 400
842	 38	 36
843	 449	 451
844	 266	 291
845	 437	 441
846	 839	 818
847	 190	 205
848	 124	 124
849	 546	 540
850	 20	 17
851	 654	 647
852	 41	 37
853	 188	 203
854	 464	 464
855	 952	 949
856	 792	 756
857	 174	 187
858	 415	 423
859	 955	 952
860	 687	 675
861	 999	 994
862	 213	 235
863	 677	 666
864	 205	 217
865	 811	 773
866	 759	 733
867	 553	 548
868	 623	 613
869	 912	 906
870	 224	 257
871	 269	 295
872	 78	 87
873	 140	 148
874	 845	 825
875	 459	 460
876	 1002	 1000
877	 140	 149
878	 247	 277
879	 858	 849
880	 670	 665
881	 396	 403
882	 68	 66
883	 65	 59
884	 949	 946
885	 136	 140
886	 738	 716
887	 408	 417
888	 720	 704
889	 536	 530
890	 211	 235
891	 109	 109
892	 215	 239
893	 355	 377
894	 908	 906
895	 767	 738
896	 217	 248
897	 592	 593
898	 856	 845
899	 433	 435
900	 613	 606
901	 73	 73
902	 625	 617
903	 1004	 1001
904	 957	 959
905	 1033	 1032
906	 520	 511
907	 903	 892
908	 806	 768
909	 219	 252
910	 494	 489
911	 63	 57
912	 586	 589
913	 211	 234
914	 63	 56
915	 137	 140
916	 144	 152
917	 819	 785
918	 978	 969
919	 807	 768
920	 786	 754
921	 437	 441
922	 774	 743
923	 836	 811
924	 891	 877
925	 137	 142
926	 521	 513
927	 343	 370
928	 889	 875
929	 440	 442
930	 829	 794
931	 208	 224
932	 397	 406
933	 293	 329
934	 339	 362
935	 498	 490
936	 84	 91
937	 388	 397
938	 561	 566
939	 872	 859
940	 425	 428
941	 875	 861
942	 729	 708
943	 146	 153
944	 130	 136
945	 999	 992
946	 431	 432
947	 991	 982
948	 170	 178
949	 354	 377
950	 786	 753
951	 644	 626
952	 246	 276
953	 36	 33
954	 470	 472
955	 860	 849
956	 663	 661
957	 461	 461
958	 505	 498
959	 41	 38
960	 878	 867
961	 541	 534
962	 700	 681
963	 1017	 1021
964	 753	 723
965	 144	 152
966	 972	 965
967	 209	 228
968	 426	 429
969	 249	 280
970	 607	 605
971	 907	 903
972	 871	 854
973	 965	 962
974	 485	 483
975	 66	 60
976	 548	 545
977	 470	 472
978	 864	 850
979	 1001	 996
980	 996	 985
981	 430	 432
982	 246	 276
983	 272	 306
984	 443	 445
985	 163	 171
986	 30	 26
987	 163	 169
988	 244	 274
989	 604	 604
990	 522	 514
991	 261	 286
992	 566	 575
993	 122	 123
994	 650	 633
995	 532	 527
996	 846	 835
997	 802	 764
998	 2	 4
999	 842	 819
1000	 573	 576
1001	 6	 10
1002	 121	 122
1003	 148	 154
1004	 728	 707
1005	 363	 381
1006	 543	 538
1007	 831	 802
1008	 996	 986
1009	 199	 212
1010	 909	 906
1011	 292	 327
1012	 118	 122
1013	 252	 281
1014	 76	 79
1015	 933	 934
1016	 746	 717
1017	 218	 249
1018	 423	 427
1019	 946	 943
1020	 574	 577
1021	 76	 83
1022	 964	 960
1023	 585	 589
1024	 172	 182
1025	 679	 667
1026	 599	 602
1027	 905	 893
1028	 367	 385
1029	 100	 104
1030	 979	 971
1031	 867	 851
1032	 448	 450
1033	 792	 756
1034	 1006	 1003
1035	 314	 346
;
Edge List :=
 2	 56
2	 58
2	 61
2	 67
2	 109
2	 124
2	 139
2	 373
2	 376
2	 382
2	 424
2	 439
2	 454
2	 478
2	 481
2	 487
2	 529
2	 544
2	 559
2	 580
2	 685
2	 994
1	 52
1	 55
1	 64
1	 73
1	 106
1	 121
1	 136
1	 367
1	 370
1	 379
1	 388
1	 421
1	 436
1	 451
1	 472
1	 475
1	 484
1	 493
1	 526
1	 541
1	 556
1	 991
3	 46
3	 59
3	 65
3	 70
3	 112
3	 127
3	 142
3	 361
3	 385
3	 427
3	 442
3	 457
3	 466
3	 490
3	 532
3	 547
3	 562
3	 583
3	 589
3	 688
3	 694
3	 997
4	 47
4	 49
4	 68
4	 74
4	 115
4	 130
4	 145
4	 364
4	 430
4	 445
4	 460
4	 469
4	 535
4	 550
4	 565
4	 571
4	 592
4	 598
4	 676
4	 697
4	 703
4	 1000
5	 50
5	 53
5	 62
5	 71
5	 118
5	 133
5	 148
5	 433
5	 448
5	 463
5	 538
5	 553
5	 568
5	 574
5	 577
5	 586
5	 595
5	 679
5	 682
5	 691
5	 700
5	 1003
6	 48
6	 63
6	 82
6	 85
6	 94
6	 103
6	 137
6	 397
6	 400
6	 409
6	 418
6	 502
6	 505
6	 514
6	 523
6	 661
6	 766
6	 781
6	 796
6	 886
6	 901
6	 1006
7	 51
7	 66
7	 86
7	 88
7	 91
7	 97
7	 140
7	 403
7	 406
7	 412
7	 508
7	 511
7	 517
7	 610
7	 664
7	 715
7	 769
7	 784
7	 799
7	 889
7	 904
7	 1009
8	 54
8	 69
8	 76
8	 89
8	 95
8	 100
8	 143
8	 391
8	 415
8	 496
8	 520
8	 613
8	 619
8	 667
8	 718
8	 724
8	 772
8	 787
8	 802
8	 892
8	 907
8	 1012
9	 57
9	 72
9	 77
9	 79
9	 98
9	 104
9	 146
9	 394
9	 499
9	 601
9	 622
9	 628
9	 670
9	 706
9	 727
9	 733
9	 775
9	 790
9	 805
9	 895
9	 910
9	 1015
10	 60
10	 75
10	 80
10	 83
10	 92
10	 101
10	 149
10	 604
10	 607
10	 616
10	 625
10	 673
10	 709
10	 712
10	 721
10	 730
10	 778
10	 793
10	 808
10	 898
10	 913
10	 1018
11	 78
11	 93
11	 113
11	 116
11	 125
11	 134
11	 138
11	 637
11	 640
11	 649
11	 658
11	 742
11	 745
11	 754
11	 763
11	 811
11	 826
11	 871
11	 916
11	 931
11	 976
11	 1021
12	 81
12	 96
12	 117
12	 119
12	 122
12	 128
12	 141
12	 643
12	 646
12	 652
12	 748
12	 751
12	 757
12	 814
12	 829
12	 850
12	 874
12	 919
12	 934
12	 955
12	 979
12	 1024
13	 84
13	 99
13	 107
13	 120
13	 126
13	 131
13	 144
13	 631
13	 655
13	 736
13	 760
13	 817
13	 832
13	 853
13	 859
13	 877
13	 922
13	 937
13	 958
13	 964
13	 982
13	 1027
14	 87
14	 102
14	 108
14	 110
14	 129
14	 135
14	 147
14	 634
14	 739
14	 820
14	 835
14	 841
14	 862
14	 868
14	 880
14	 925
14	 940
14	 946
14	 967
14	 973
14	 985
14	 1030
15	 90
15	 105
15	 111
15	 114
15	 123
15	 132
15	 150
15	 823
15	 838
15	 844
15	 847
15	 856
15	 865
15	 883
15	 928
15	 943
15	 949
15	 952
15	 961
15	 970
15	 988
15	 1033
16	 157
16	 160
16	 169
16	 178
16	 211
16	 226
16	 241
16	 578
16	 581
16	 590
16	 599
16	 632
16	 647
16	 662
16	 788
16	 791
16	 800
16	 809
16	 842
16	 857
16	 872
16	 992
17	 161
17	 163
17	 166
17	 172
17	 214
17	 229
17	 244
17	 371
17	 584
17	 587
17	 593
17	 635
17	 650
17	 665
17	 794
17	 797
17	 803
17	 845
17	 860
17	 875
17	 896
17	 995
18	 151
18	 164
18	 170
18	 175
18	 217
18	 232
18	 247
18	 374
18	 380
18	 572
18	 596
18	 638
18	 653
18	 668
18	 782
18	 806
18	 848
18	 863
18	 878
18	 899
18	 905
18	 998
19	 152
19	 154
19	 173
19	 179
19	 220
19	 235
19	 250
19	 362
19	 383
19	 389
19	 575
19	 641
19	 656
19	 671
19	 785
19	 851
19	 866
19	 881
19	 887
19	 908
19	 914
19	 1001
20	 155
20	 158
20	 167
20	 176
20	 223
20	 238
20	 253
20	 365
20	 368
20	 377
20	 386
20	 644
20	 659
20	 674
20	 854
20	 869
20	 884
20	 890
20	 893
20	 902
20	 911
20	 1004
21	 153
21	 168
21	 187
21	 190
21	 199
21	 208
21	 242
21	 452
21	 467
21	 482
21	 608
21	 611
21	 620
21	 629
21	 677
21	 692
21	 818
21	 821
21	 830
21	 839
21	 977
21	 1007
22	 156
22	 171
22	 191
22	 193
22	 196
22	 202
22	 245
22	 401
22	 455
22	 470
22	 485
22	 614
22	 617
22	 623
22	 680
22	 695
22	 824
22	 827
22	 833
22	 926
22	 980
22	 1010
23	 159
23	 174
23	 181
23	 194
23	 200
23	 205
23	 248
23	 404
23	 410
23	 458
23	 473
23	 488
23	 602
23	 626
23	 683
23	 698
23	 812
23	 836
23	 929
23	 935
23	 983
23	 1013
24	 162
24	 177
24	 182
24	 184
24	 203
24	 209
24	 251
24	 392
24	 413
24	 419
24	 461
24	 476
24	 491
24	 605
24	 686
24	 701
24	 815
24	 917
24	 938
24	 944
24	 986
24	 1016
25	 165
25	 180
25	 185
25	 188
25	 197
25	 206
25	 254
25	 395
25	 398
25	 407
25	 416
25	 464
25	 479
25	 494
25	 689
25	 704
25	 920
25	 923
25	 932
25	 941
25	 989
25	 1019
26	 183
26	 198
26	 218
26	 221
26	 230
26	 239
26	 243
26	 428
26	 431
26	 440
26	 449
26	 497
26	 512
26	 557
26	 707
26	 722
26	 767
26	 953
26	 956
26	 965
26	 974
26	 1022
27	 186
27	 201
27	 222
27	 224
27	 227
27	 233
27	 246
27	 434
27	 437
27	 443
27	 500
27	 515
27	 536
27	 560
27	 710
27	 725
27	 746
27	 770
27	 959
27	 962
27	 968
27	 1025
28	 189
28	 204
28	 212
28	 225
28	 231
28	 236
28	 249
28	 422
28	 446
28	 503
28	 518
28	 539
28	 545
28	 563
28	 713
28	 728
28	 749
28	 755
28	 773
28	 947
28	 971
28	 1028
29	 192
29	 207
29	 213
29	 215
29	 234
29	 240
29	 252
29	 425
29	 506
29	 521
29	 527
29	 548
29	 554
29	 566
29	 716
29	 731
29	 737
29	 758
29	 764
29	 776
29	 950
29	 1031
30	 195
30	 210
30	 216
30	 219
30	 228
30	 237
30	 255
30	 509
30	 524
30	 530
30	 533
30	 542
30	 551
30	 569
30	 719
30	 734
30	 740
30	 743
30	 752
30	 761
30	 779
30	 1034
31	 262
31	 265
31	 274
31	 283
31	 316
31	 331
31	 346
31	 684
31	 687
31	 696
31	 705
31	 738
31	 753
31	 768
31	 894
31	 897
31	 906
31	 915
31	 948
31	 963
31	 978
31	 993
32	 266
32	 268
32	 271
32	 277
32	 319
32	 334
32	 349
32	 477
32	 690
32	 693
32	 699
32	 741
32	 756
32	 771
32	 792
32	 900
32	 903
32	 909
32	 951
32	 966
32	 981
32	 996
33	 256
33	 269
33	 275
33	 280
33	 322
33	 337
33	 352
33	 480
33	 486
33	 678
33	 702
33	 744
33	 759
33	 774
33	 795
33	 801
33	 888
33	 912
33	 954
33	 969
33	 984
33	 999
34	 257
34	 259
34	 278
34	 284
34	 325
34	 340
34	 355
34	 468
34	 489
34	 495
34	 681
34	 747
34	 762
34	 777
34	 783
34	 804
34	 810
34	 891
34	 957
34	 972
34	 987
34	 1002
35	 260
35	 263
35	 272
35	 281
35	 328
35	 343
35	 358
35	 471
35	 474
35	 483
35	 492
35	 750
35	 765
35	 780
35	 786
35	 789
35	 798
35	 807
35	 960
35	 975
35	 990
35	 1005
36	 258
36	 273
36	 292
36	 295
36	 304
36	 313
36	 347
36	 363
36	 378
36	 558
36	 573
36	 588
36	 714
36	 717
36	 726
36	 735
36	 873
36	 924
36	 927
36	 936
36	 945
36	 1008
37	 261
37	 276
37	 296
37	 298
37	 301
37	 307
37	 350
37	 366
37	 381
37	 507
37	 561
37	 576
37	 591
37	 720
37	 723
37	 729
37	 822
37	 876
37	 930
37	 933
37	 939
37	 1011
38	 264
38	 279
38	 286
38	 299
38	 305
38	 310
38	 353
38	 369
38	 384
38	 510
38	 516
38	 564
38	 579
38	 594
38	 708
38	 732
38	 825
38	 831
38	 879
38	 918
38	 942
38	 1014
39	 267
39	 282
39	 287
39	 289
39	 308
39	 314
39	 356
39	 372
39	 387
39	 498
39	 519
39	 525
39	 567
39	 582
39	 597
39	 711
39	 813
39	 834
39	 840
39	 882
39	 921
39	 1017
40	 270
40	 285
40	 290
40	 293
40	 302
40	 311
40	 359
40	 375
40	 390
40	 501
40	 504
40	 513
40	 522
40	 570
40	 585
40	 600
40	 816
40	 819
40	 828
40	 837
40	 885
40	 1020
41	 288
41	 303
41	 323
41	 326
41	 335
41	 344
41	 348
41	 393
41	 408
41	 453
41	 534
41	 537
41	 546
41	 555
41	 603
41	 618
41	 663
41	 849
41	 852
41	 861
41	 870
41	 1023
42	 291
42	 306
42	 327
42	 329
42	 332
42	 338
42	 351
42	 396
42	 411
42	 432
42	 456
42	 540
42	 543
42	 549
42	 606
42	 621
42	 642
42	 666
42	 855
42	 858
42	 864
42	 1026
43	 294
43	 309
43	 317
43	 330
43	 336
43	 341
43	 354
43	 399
43	 414
43	 435
43	 441
43	 459
43	 528
43	 552
43	 609
43	 624
43	 645
43	 651
43	 669
43	 843
43	 867
43	 1029
44	 297
44	 312
44	 318
44	 320
44	 339
44	 345
44	 357
44	 402
44	 417
44	 423
44	 444
44	 450
44	 462
44	 531
44	 612
44	 627
44	 633
44	 654
44	 660
44	 672
44	 846
44	 1032
45	 300
45	 315
45	 321
45	 324
45	 333
45	 342
45	 360
45	 405
45	 420
45	 426
45	 429
45	 438
45	 447
45	 465
45	 615
45	 630
45	 636
45	 639
45	 648
45	 657
45	 675
45	 1035
46	 47
46	 48
47	 48
49	 50
49	 51
50	 51
52	 53
52	 54
53	 54
55	 56
55	 57
56	 57
58	 59
58	 60
59	 60
61	 62
61	 63
62	 63
64	 65
64	 66
65	 66
67	 68
67	 69
68	 69
70	 71
70	 72
71	 72
73	 74
73	 75
74	 75
76	 77
76	 78
77	 78
79	 80
79	 81
80	 81
82	 83
82	 84
83	 84
85	 86
85	 87
86	 87
88	 89
88	 90
89	 90
91	 92
91	 93
92	 93
94	 95
94	 96
95	 96
97	 98
97	 99
98	 99
100	 101
100	 102
101	 102
103	 104
103	 105
104	 105
106	 107
106	 108
107	 108
109	 110
109	 111
110	 111
112	 113
112	 114
113	 114
115	 116
115	 117
116	 117
118	 119
118	 120
119	 120
121	 122
121	 123
122	 123
124	 125
124	 126
125	 126
127	 128
127	 129
128	 129
130	 131
130	 132
131	 132
133	 134
133	 135
134	 135
136	 137
136	 138
137	 138
139	 140
139	 141
140	 141
142	 143
142	 144
143	 144
145	 146
145	 147
146	 147
148	 149
148	 150
149	 150
151	 152
151	 153
152	 153
154	 155
154	 156
155	 156
157	 158
157	 159
158	 159
160	 161
160	 162
161	 162
163	 164
163	 165
164	 165
166	 167
166	 168
167	 168
169	 170
169	 171
170	 171
172	 173
172	 174
173	 174
175	 176
175	 177
176	 177
178	 179
178	 180
179	 180
181	 182
181	 183
182	 183
184	 185
184	 186
185	 186
187	 188
187	 189
188	 189
190	 191
190	 192
191	 192
193	 194
193	 195
194	 195
196	 197
196	 198
197	 198
199	 200
199	 201
200	 201
202	 203
202	 204
203	 204
205	 206
205	 207
206	 207
208	 209
208	 210
209	 210
211	 212
211	 213
212	 213
214	 215
214	 216
215	 216
217	 218
217	 219
218	 219
220	 221
220	 222
221	 222
223	 224
223	 225
224	 225
226	 227
226	 228
227	 228
229	 230
229	 231
230	 231
232	 233
232	 234
233	 234
235	 236
235	 237
236	 237
238	 239
238	 240
239	 240
241	 242
241	 243
242	 243
244	 245
244	 246
245	 246
247	 248
247	 249
248	 249
250	 251
250	 252
251	 252
253	 254
253	 255
254	 255
256	 257
256	 258
257	 258
259	 260
259	 261
260	 261
262	 263
262	 264
263	 264
265	 266
265	 267
266	 267
268	 269
268	 270
269	 270
271	 272
271	 273
272	 273
274	 275
274	 276
275	 276
277	 278
277	 279
278	 279
280	 281
280	 282
281	 282
283	 284
283	 285
284	 285
286	 287
286	 288
287	 288
289	 290
289	 291
290	 291
292	 293
292	 294
293	 294
295	 296
295	 297
296	 297
298	 299
298	 300
299	 300
301	 302
301	 303
302	 303
304	 305
304	 306
305	 306
307	 308
307	 309
308	 309
310	 311
310	 312
311	 312
313	 314
313	 315
314	 315
316	 317
316	 318
317	 318
319	 320
319	 321
320	 321
322	 323
322	 324
323	 324
325	 326
325	 327
326	 327
328	 329
328	 330
329	 330
331	 332
331	 333
332	 333
334	 335
334	 336
335	 336
337	 338
337	 339
338	 339
340	 341
340	 342
341	 342
343	 344
343	 345
344	 345
346	 347
346	 348
347	 348
349	 350
349	 351
350	 351
352	 353
352	 354
353	 354
355	 356
355	 357
356	 357
358	 359
358	 360
359	 360
361	 362
361	 363
362	 363
364	 365
364	 366
365	 366
367	 368
367	 369
368	 369
370	 371
370	 372
371	 372
373	 374
373	 375
374	 375
376	 377
376	 378
377	 378
379	 380
379	 381
380	 381
382	 383
382	 384
383	 384
385	 386
385	 387
386	 387
388	 389
388	 390
389	 390
391	 392
391	 393
392	 393
394	 395
394	 396
395	 396
397	 398
397	 399
398	 399
400	 401
400	 402
401	 402
403	 404
403	 405
404	 405
406	 407
406	 408
407	 408
409	 410
409	 411
410	 411
412	 413
412	 414
413	 414
415	 416
415	 417
416	 417
418	 419
418	 420
419	 420
421	 422
421	 423
422	 423
424	 425
424	 426
425	 426
427	 428
427	 429
428	 429
430	 431
430	 432
431	 432
433	 434
433	 435
434	 435
436	 437
436	 438
437	 438
439	 440
439	 441
440	 441
442	 443
442	 444
443	 444
445	 446
445	 447
446	 447
448	 449
448	 450
449	 450
451	 452
451	 453
452	 453
454	 455
454	 456
455	 456
457	 458
457	 459
458	 459
460	 461
460	 462
461	 462
463	 464
463	 465
464	 465
466	 467
466	 468
467	 468
469	 470
469	 471
470	 471
472	 473
472	 474
473	 474
475	 476
475	 477
476	 477
478	 479
478	 480
479	 480
481	 482
481	 483
482	 483
484	 485
484	 486
485	 486
487	 488
487	 489
488	 489
490	 491
490	 492
491	 492
493	 494
493	 495
494	 495
496	 497
496	 498
497	 498
499	 500
499	 501
500	 501
502	 503
502	 504
503	 504
505	 506
505	 507
506	 507
508	 509
508	 510
509	 510
511	 512
511	 513
512	 513
514	 515
514	 516
515	 516
517	 518
517	 519
518	 519
520	 521
520	 522
521	 522
523	 524
523	 525
524	 525
526	 527
526	 528
527	 528
529	 530
529	 531
530	 531
532	 533
532	 534
533	 534
535	 536
535	 537
536	 537
538	 539
538	 540
539	 540
541	 542
541	 543
542	 543
544	 545
544	 546
545	 546
547	 548
547	 549
548	 549
550	 551
550	 552
551	 552
553	 554
553	 555
554	 555
556	 557
556	 558
557	 558
559	 560
559	 561
560	 561
562	 563
562	 564
563	 564
565	 566
565	 567
566	 567
568	 569
568	 570
569	 570
571	 572
571	 573
572	 573
574	 575
574	 576
575	 576
577	 578
577	 579
578	 579
580	 581
580	 582
581	 582
583	 584
583	 585
584	 585
586	 587
586	 588
587	 588
589	 590
589	 591
590	 591
592	 593
592	 594
593	 594
595	 596
595	 597
596	 597
598	 599
598	 600
599	 600
601	 602
601	 603
602	 603
604	 605
604	 606
605	 606
607	 608
607	 609
608	 609
610	 611
610	 612
611	 612
613	 614
613	 615
614	 615
616	 617
616	 618
617	 618
619	 620
619	 621
620	 621
622	 623
622	 624
623	 624
625	 626
625	 627
626	 627
628	 629
628	 630
629	 630
631	 632
631	 633
632	 633
634	 635
634	 636
635	 636
637	 638
637	 639
638	 639
640	 641
640	 642
641	 642
643	 644
643	 645
644	 645
646	 647
646	 648
647	 648
649	 650
649	 651
650	 651
652	 653
652	 654
653	 654
655	 656
655	 657
656	 657
658	 659
658	 660
659	 660
661	 662
661	 663
662	 663
664	 665
664	 666
665	 666
667	 668
667	 669
668	 669
670	 671
670	 672
671	 672
673	 674
673	 675
674	 675
676	 677
676	 678
677	 678
679	 680
679	 681
680	 681
682	 683
682	 684
683	 684
685	 686
685	 687
686	 687
688	 689
688	 690
689	 690
691	 692
691	 693
692	 693
694	 695
694	 696
695	 696
697	 698
697	 699
698	 699
700	 701
700	 702
701	 702
703	 704
703	 705
704	 705
706	 707
706	 708
707	 708
709	 710
709	 711
710	 711
712	 713
712	 714
713	 714
715	 716
715	 717
716	 717
718	 719
718	 720
719	 720
721	 722
721	 723
722	 723
724	 725
724	 726
725	 726
727	 728
727	 729
728	 729
730	 731
730	 732
731	 732
733	 734
733	 735
734	 735
736	 737
736	 738
737	 738
739	 740
739	 741
740	 741
742	 743
742	 744
743	 744
745	 746
745	 747
746	 747
748	 749
748	 750
749	 750
751	 752
751	 753
752	 753
754	 755
754	 756
755	 756
757	 758
757	 759
758	 759
760	 761
760	 762
761	 762
763	 764
763	 765
764	 765
766	 767
766	 768
767	 768
769	 770
769	 771
770	 771
772	 773
772	 774
773	 774
775	 776
775	 777
776	 777
778	 779
778	 780
779	 780
781	 782
781	 783
782	 783
784	 785
784	 786
785	 786
787	 788
787	 789
788	 789
790	 791
790	 792
791	 792
793	 794
793	 795
794	 795
796	 797
796	 798
797	 798
799	 800
799	 801
800	 801
802	 803
802	 804
803	 804
805	 806
805	 807
806	 807
808	 809
808	 810
809	 810
811	 812
811	 813
812	 813
814	 815
814	 816
815	 816
817	 818
817	 819
818	 819
820	 821
820	 822
821	 822
823	 824
823	 825
824	 825
826	 827
826	 828
827	 828
829	 830
829	 831
830	 831
832	 833
832	 834
833	 834
835	 836
835	 837
836	 837
838	 839
838	 840
839	 840
841	 842
841	 843
842	 843
844	 845
844	 846
845	 846
847	 848
847	 849
848	 849
850	 851
850	 852
851	 852
853	 854
853	 855
854	 855
856	 857
856	 858
857	 858
859	 860
859	 861
860	 861
862	 863
862	 864
863	 864
865	 866
865	 867
866	 867
868	 869
868	 870
869	 870
871	 872
871	 873
872	 873
874	 875
874	 876
875	 876
877	 878
877	 879
878	 879
880	 881
880	 882
881	 882
883	 884
883	 885
884	 885
886	 887
886	 888
887	 888
889	 890
889	 891
890	 891
892	 893
892	 894
893	 894
895	 896
895	 897
896	 897
898	 899
898	 900
899	 900
901	 902
901	 903
902	 903
904	 905
904	 906
905	 906
907	 908
907	 909
908	 909
910	 911
910	 912
911	 912
913	 914
913	 915
914	 915
916	 917
916	 918
917	 918
919	 920
919	 921
920	 921
922	 923
922	 924
923	 924
925	 926
925	 927
926	 927
928	 929
928	 930
929	 930
931	 932
931	 933
932	 933
934	 935
934	 936
935	 936
937	 938
937	 939
938	 939
940	 941
940	 942
941	 942
943	 944
943	 945
944	 945
946	 947
946	 948
947	 948
949	 950
949	 951
950	 951
952	 953
952	 954
953	 954
955	 956
955	 957
956	 957
958	 959
958	 960
959	 960
961	 962
961	 963
962	 963
964	 965
964	 966
965	 966
967	 968
967	 969
968	 969
970	 971
970	 972
971	 972
973	 974
973	 975
974	 975
976	 977
976	 978
977	 978
979	 980
979	 981
980	 981
982	 983
982	 984
983	 984
985	 986
985	 987
986	 987
988	 989
988	 990
989	 990
991	 992
991	 993
992	 993
994	 995
994	 996
995	 996
997	 998
997	 999
998	 999
1000	 1001
1000	 1002
1001	 1002
1003	 1004
1003	 1005
1004	 1005
1006	 1007
1006	 1008
1007	 1008
1009	 1010
1009	 1011
1010	 1011
1012	 1013
1012	 1014
1013	 1014
1015	 1016
1015	 1017
1016	 1017
1018	 1019
1018	 1020
1019	 1020
1021	 1022
1021	 1023
1022	 1023
1024	 1025
1024	 1026
1025	 1026
1027	 1028
1027	 1029
1028	 1029
1030	 1031
1030	 1032
1031	 1032
1033	 1034
1033	 1035
1034	 1035
;