n := 120;
B := 532;
param : n c w:=
1	 68	 46
2	 14	 97
3	 51	 60
4	 2	 114
5	 110	 14
6	 11	 101
7	 8	 107
8	 60	 56
9	 116	 7
10	 30	 82
11	 69	 45
12	 60	 56
13	 87	 34
14	 118	 5
15	 62	 53
16	 30	 81
17	 38	 72
18	 2	 116
19	 40	 71
20	 97	 25
21	 8	 107
22	 113	 11
23	 110	 13
24	 3	 114
25	 92	 29
26	 40	 71
27	 32	 79
28	 106	 21
29	 107	 19
30	 21	 90
31	 83	 36
32	 78	 40
33	 11	 100
34	 44	 71
35	 56	 57
36	 7	 108
37	 89	 30
38	 22	 89
39	 87	 33
40	 80	 37
41	 28	 83
42	 31	 80
43	 36	 73
44	 106	 20
45	 91	 30
46	 35	 74
47	 20	 92
48	 74	 43
49	 28	 84
50	 65	 49
51	 119	 5
52	 58	 56
53	 45	 61
54	 110	 17
55	 44	 64
56	 81	 36
57	 99	 23
58	 19	 93
59	 2	 117
60	 1	 118
61	 5	 110
62	 77	 41
63	 114	 8
64	 87	 33
65	 97	 23
66	 75	 43
67	 13	 98
68	 92	 30
69	 113	 10
70	 21	 91
71	 65	 49
72	 82	 36
73	 21	 92
74	 67	 47
75	 49	 61
76	 27	 86
77	 47	 61
78	 28	 84
79	 36	 74
80	 2	 117
81	 88	 32
82	 117	 5
83	 53	 60
84	 11	 100
85	 44	 63
86	 75	 41
87	 95	 28
88	 113	 10
89	 83	 34
90	 110	 15
91	 10	 104
92	 56	 56
93	 110	 14
94	 29	 82
95	 72	 43
96	 27	 85
97	 24	 87
98	 4	 113
99	 28	 84
100	 39	 71
101	 21	 91
102	 23	 89
103	 33	 79
104	 28	 85
105	 16	 94
106	 96	 28
107	 79	 37
108	 32	 79
109	 26	 87
110	 55	 60
111	 104	 21
112	 54	 60
113	 103	 23
114	 87	 33
115	 6	 109
116	 64	 49
117	 89	 31
118	 18	 94
119	 61	 54
120	 34	 75
;
Edge List :=
 4	 5
4	 2
4	 6
4	 1
4	 7
4	 10
4	 11
4	 14
4	 16
4	 19
4	 22
4	 25
4	 29
4	 32
4	 37
4	 40
4	 46
4	 49
4	 56
4	 59
4	 67
4	 70
4	 79
4	 82
4	 92
4	 95
4	 106
4	 109
3	 5
3	 2
3	 6
3	 1
3	 8
3	 9
3	 12
3	 13
3	 17
3	 18
3	 23
3	 24
3	 30
3	 31
3	 38
3	 39
3	 47
3	 48
3	 57
3	 58
3	 68
3	 69
3	 80
3	 81
3	 93
3	 94
3	 107
3	 108
5	 6
5	 1
5	 8
5	 10
5	 12
5	 14
5	 17
5	 19
5	 23
5	 25
5	 30
5	 32
5	 38
5	 40
5	 47
5	 49
5	 57
5	 59
5	 68
5	 70
5	 80
5	 82
5	 93
5	 95
5	 107
5	 109
2	 6
2	 1
2	 7
2	 9
2	 11
2	 13
2	 16
2	 18
2	 22
2	 24
2	 29
2	 31
2	 37
2	 39
2	 46
2	 48
2	 56
2	 58
2	 67
2	 69
2	 79
2	 81
2	 92
2	 94
2	 106
2	 108
6	 9
6	 10
6	 13
6	 14
6	 18
6	 19
6	 24
6	 25
6	 31
6	 32
6	 39
6	 40
6	 48
6	 49
6	 58
6	 59
6	 69
6	 70
6	 81
6	 82
6	 94
6	 95
6	 108
6	 109
1	 7
1	 8
1	 11
1	 12
1	 16
1	 17
1	 22
1	 23
1	 29
1	 30
1	 37
1	 38
1	 46
1	 47
1	 56
1	 57
1	 67
1	 68
1	 79
1	 80
1	 92
1	 93
1	 106
1	 107
7	 8
7	 9
7	 10
7	 11
7	 15
7	 16
7	 20
7	 22
7	 26
7	 29
7	 33
7	 37
7	 41
7	 46
7	 50
7	 56
7	 60
7	 67
7	 71
7	 79
7	 83
7	 92
7	 96
7	 106
7	 110
8	 9
8	 10
8	 12
8	 15
8	 17
8	 20
8	 23
8	 26
8	 30
8	 33
8	 38
8	 41
8	 47
8	 50
8	 57
8	 60
8	 68
8	 71
8	 80
8	 83
8	 93
8	 96
8	 107
8	 110
9	 10
9	 13
9	 15
9	 18
9	 20
9	 24
9	 26
9	 31
9	 33
9	 39
9	 41
9	 48
9	 50
9	 58
9	 60
9	 69
9	 71
9	 81
9	 83
9	 94
9	 96
9	 108
9	 110
10	 14
10	 15
10	 19
10	 20
10	 25
10	 26
10	 32
10	 33
10	 40
10	 41
10	 49
10	 50
10	 59
10	 60
10	 70
10	 71
10	 82
10	 83
10	 95
10	 96
10	 109
10	 110
11	 12
11	 13
11	 14
11	 15
11	 16
11	 21
11	 22
11	 27
11	 29
11	 34
11	 37
11	 42
11	 46
11	 51
11	 56
11	 61
11	 67
11	 72
11	 79
11	 84
11	 92
11	 97
11	 106
11	 111
12	 13
12	 14
12	 15
12	 17
12	 21
12	 23
12	 27
12	 30
12	 34
12	 38
12	 42
12	 47
12	 51
12	 57
12	 61
12	 68
12	 72
12	 80
12	 84
12	 93
12	 97
12	 107
12	 111
13	 14
13	 15
13	 18
13	 21
13	 24
13	 27
13	 31
13	 34
13	 39
13	 42
13	 48
13	 51
13	 58
13	 61
13	 69
13	 72
13	 81
13	 84
13	 94
13	 97
13	 108
13	 111
14	 15
14	 19
14	 21
14	 25
14	 27
14	 32
14	 34
14	 40
14	 42
14	 49
14	 51
14	 59
14	 61
14	 70
14	 72
14	 82
14	 84
14	 95
14	 97
14	 109
14	 111
15	 20
15	 21
15	 26
15	 27
15	 33
15	 34
15	 41
15	 42
15	 50
15	 51
15	 60
15	 61
15	 71
15	 72
15	 83
15	 84
15	 96
15	 97
15	 110
15	 111
16	 17
16	 18
16	 19
16	 20
16	 21
16	 22
16	 28
16	 29
16	 35
16	 37
16	 43
16	 46
16	 52
16	 56
16	 62
16	 67
16	 73
16	 79
16	 85
16	 92
16	 98
16	 106
16	 112
17	 18
17	 19
17	 20
17	 21
17	 23
17	 28
17	 30
17	 35
17	 38
17	 43
17	 47
17	 52
17	 57
17	 62
17	 68
17	 73
17	 80
17	 85
17	 93
17	 98
17	 107
17	 112
18	 19
18	 20
18	 21
18	 24
18	 28
18	 31
18	 35
18	 39
18	 43
18	 48
18	 52
18	 58
18	 62
18	 69
18	 73
18	 81
18	 85
18	 94
18	 98
18	 108
18	 112
19	 20
19	 21
19	 25
19	 28
19	 32
19	 35
19	 40
19	 43
19	 49
19	 52
19	 59
19	 62
19	 70
19	 73
19	 82
19	 85
19	 95
19	 98
19	 109
19	 112
20	 21
20	 26
20	 28
20	 33
20	 35
20	 41
20	 43
20	 50
20	 52
20	 60
20	 62
20	 71
20	 73
20	 83
20	 85
20	 96
20	 98
20	 110
20	 112
21	 27
21	 28
21	 34
21	 35
21	 42
21	 43
21	 51
21	 52
21	 61
21	 62
21	 72
21	 73
21	 84
21	 85
21	 97
21	 98
21	 111
21	 112
22	 23
22	 24
22	 25
22	 26
22	 27
22	 28
22	 29
22	 36
22	 37
22	 44
22	 46
22	 53
22	 56
22	 63
22	 67
22	 74
22	 79
22	 86
22	 92
22	 99
22	 106
22	 113
23	 24
23	 25
23	 26
23	 27
23	 28
23	 30
23	 36
23	 38
23	 44
23	 47
23	 53
23	 57
23	 63
23	 68
23	 74
23	 80
23	 86
23	 93
23	 99
23	 107
23	 113
24	 25
24	 26
24	 27
24	 28
24	 31
24	 36
24	 39
24	 44
24	 48
24	 53
24	 58
24	 63
24	 69
24	 74
24	 81
24	 86
24	 94
24	 99
24	 108
24	 113
25	 26
25	 27
25	 28
25	 32
25	 36
25	 40
25	 44
25	 49
25	 53
25	 59
25	 63
25	 70
25	 74
25	 82
25	 86
25	 95
25	 99
25	 109
25	 113
26	 27
26	 28
26	 33
26	 36
26	 41
26	 44
26	 50
26	 53
26	 60
26	 63
26	 71
26	 74
26	 83
26	 86
26	 96
26	 99
26	 110
26	 113
27	 28
27	 34
27	 36
27	 42
27	 44
27	 51
27	 53
27	 61
27	 63
27	 72
27	 74
27	 84
27	 86
27	 97
27	 99
27	 111
27	 113
28	 35
28	 36
28	 43
28	 44
28	 52
28	 53
28	 62
28	 63
28	 73
28	 74
28	 85
28	 86
28	 98
28	 99
28	 112
28	 113
29	 30
29	 31
29	 32
29	 33
29	 34
29	 35
29	 36
29	 37
29	 45
29	 46
29	 54
29	 56
29	 64
29	 67
29	 75
29	 79
29	 87
29	 92
29	 100
29	 106
29	 114
30	 31
30	 32
30	 33
30	 34
30	 35
30	 36
30	 38
30	 45
30	 47
30	 54
30	 57
30	 64
30	 68
30	 75
30	 80
30	 87
30	 93
30	 100
30	 107
30	 114
31	 32
31	 33
31	 34
31	 35
31	 36
31	 39
31	 45
31	 48
31	 54
31	 58
31	 64
31	 69
31	 75
31	 81
31	 87
31	 94
31	 100
31	 108
31	 114
32	 33
32	 34
32	 35
32	 36
32	 40
32	 45
32	 49
32	 54
32	 59
32	 64
32	 70
32	 75
32	 82
32	 87
32	 95
32	 100
32	 109
32	 114
33	 34
33	 35
33	 36
33	 41
33	 45
33	 50
33	 54
33	 60
33	 64
33	 71
33	 75
33	 83
33	 87
33	 96
33	 100
33	 110
33	 114
34	 35
34	 36
34	 42
34	 45
34	 51
34	 54
34	 61
34	 64
34	 72
34	 75
34	 84
34	 87
34	 97
34	 100
34	 111
34	 114
35	 36
35	 43
35	 45
35	 52
35	 54
35	 62
35	 64
35	 73
35	 75
35	 85
35	 87
35	 98
35	 100
35	 112
35	 114
36	 44
36	 45
36	 53
36	 54
36	 63
36	 64
36	 74
36	 75
36	 86
36	 87
36	 99
36	 100
36	 113
36	 114
37	 38
37	 39
37	 40
37	 41
37	 42
37	 43
37	 44
37	 45
37	 46
37	 55
37	 56
37	 65
37	 67
37	 76
37	 79
37	 88
37	 92
37	 101
37	 106
37	 115
38	 39
38	 40
38	 41
38	 42
38	 43
38	 44
38	 45
38	 47
38	 55
38	 57
38	 65
38	 68
38	 76
38	 80
38	 88
38	 93
38	 101
38	 107
38	 115
39	 40
39	 41
39	 42
39	 43
39	 44
39	 45
39	 48
39	 55
39	 58
39	 65
39	 69
39	 76
39	 81
39	 88
39	 94
39	 101
39	 108
39	 115
40	 41
40	 42
40	 43
40	 44
40	 45
40	 49
40	 55
40	 59
40	 65
40	 70
40	 76
40	 82
40	 88
40	 95
40	 101
40	 109
40	 115
41	 42
41	 43
41	 44
41	 45
41	 50
41	 55
41	 60
41	 65
41	 71
41	 76
41	 83
41	 88
41	 96
41	 101
41	 110
41	 115
42	 43
42	 44
42	 45
42	 51
42	 55
42	 61
42	 65
42	 72
42	 76
42	 84
42	 88
42	 97
42	 101
42	 111
42	 115
43	 44
43	 45
43	 52
43	 55
43	 62
43	 65
43	 73
43	 76
43	 85
43	 88
43	 98
43	 101
43	 112
43	 115
44	 45
44	 53
44	 55
44	 63
44	 65
44	 74
44	 76
44	 86
44	 88
44	 99
44	 101
44	 113
44	 115
45	 54
45	 55
45	 64
45	 65
45	 75
45	 76
45	 87
45	 88
45	 100
45	 101
45	 114
45	 115
46	 47
46	 48
46	 49
46	 50
46	 51
46	 52
46	 53
46	 54
46	 55
46	 56
46	 66
46	 67
46	 77
46	 79
46	 89
46	 92
46	 102
46	 106
46	 116
47	 48
47	 49
47	 50
47	 51
47	 52
47	 53
47	 54
47	 55
47	 57
47	 66
47	 68
47	 77
47	 80
47	 89
47	 93
47	 102
47	 107
47	 116
48	 49
48	 50
48	 51
48	 52
48	 53
48	 54
48	 55
48	 58
48	 66
48	 69
48	 77
48	 81
48	 89
48	 94
48	 102
48	 108
48	 116
49	 50
49	 51
49	 52
49	 53
49	 54
49	 55
49	 59
49	 66
49	 70
49	 77
49	 82
49	 89
49	 95
49	 102
49	 109
49	 116
50	 51
50	 52
50	 53
50	 54
50	 55
50	 60
50	 66
50	 71
50	 77
50	 83
50	 89
50	 96
50	 102
50	 110
50	 116
51	 52
51	 53
51	 54
51	 55
51	 61
51	 66
51	 72
51	 77
51	 84
51	 89
51	 97
51	 102
51	 111
51	 116
52	 53
52	 54
52	 55
52	 62
52	 66
52	 73
52	 77
52	 85
52	 89
52	 98
52	 102
52	 112
52	 116
53	 54
53	 55
53	 63
53	 66
53	 74
53	 77
53	 86
53	 89
53	 99
53	 102
53	 113
53	 116
54	 55
54	 64
54	 66
54	 75
54	 77
54	 87
54	 89
54	 100
54	 102
54	 114
54	 116
55	 65
55	 66
55	 76
55	 77
55	 88
55	 89
55	 101
55	 102
55	 115
55	 116
56	 57
56	 58
56	 59
56	 60
56	 61
56	 62
56	 63
56	 64
56	 65
56	 66
56	 67
56	 78
56	 79
56	 90
56	 92
56	 103
56	 106
56	 117
57	 58
57	 59
57	 60
57	 61
57	 62
57	 63
57	 64
57	 65
57	 66
57	 68
57	 78
57	 80
57	 90
57	 93
57	 103
57	 107
57	 117
58	 59
58	 60
58	 61
58	 62
58	 63
58	 64
58	 65
58	 66
58	 69
58	 78
58	 81
58	 90
58	 94
58	 103
58	 108
58	 117
59	 60
59	 61
59	 62
59	 63
59	 64
59	 65
59	 66
59	 70
59	 78
59	 82
59	 90
59	 95
59	 103
59	 109
59	 117
60	 61
60	 62
60	 63
60	 64
60	 65
60	 66
60	 71
60	 78
60	 83
60	 90
60	 96
60	 103
60	 110
60	 117
61	 62
61	 63
61	 64
61	 65
61	 66
61	 72
61	 78
61	 84
61	 90
61	 97
61	 103
61	 111
61	 117
62	 63
62	 64
62	 65
62	 66
62	 73
62	 78
62	 85
62	 90
62	 98
62	 103
62	 112
62	 117
63	 64
63	 65
63	 66
63	 74
63	 78
63	 86
63	 90
63	 99
63	 103
63	 113
63	 117
64	 65
64	 66
64	 75
64	 78
64	 87
64	 90
64	 100
64	 103
64	 114
64	 117
65	 66
65	 76
65	 78
65	 88
65	 90
65	 101
65	 103
65	 115
65	 117
66	 77
66	 78
66	 89
66	 90
66	 102
66	 103
66	 116
66	 117
67	 68
67	 69
67	 70
67	 71
67	 72
67	 73
67	 74
67	 75
67	 76
67	 77
67	 78
67	 79
67	 91
67	 92
67	 104
67	 106
67	 118
68	 69
68	 70
68	 71
68	 72
68	 73
68	 74
68	 75
68	 76
68	 77
68	 78
68	 80
68	 91
68	 93
68	 104
68	 107
68	 118
69	 70
69	 71
69	 72
69	 73
69	 74
69	 75
69	 76
69	 77
69	 78
69	 81
69	 91
69	 94
69	 104
69	 108
69	 118
70	 71
70	 72
70	 73
70	 74
70	 75
70	 76
70	 77
70	 78
70	 82
70	 91
70	 95
70	 104
70	 109
70	 118
71	 72
71	 73
71	 74
71	 75
71	 76
71	 77
71	 78
71	 83
71	 91
71	 96
71	 104
71	 110
71	 118
72	 73
72	 74
72	 75
72	 76
72	 77
72	 78
72	 84
72	 91
72	 97
72	 104
72	 111
72	 118
73	 74
73	 75
73	 76
73	 77
73	 78
73	 85
73	 91
73	 98
73	 104
73	 112
73	 118
74	 75
74	 76
74	 77
74	 78
74	 86
74	 91
74	 99
74	 104
74	 113
74	 118
75	 76
75	 77
75	 78
75	 87
75	 91
75	 100
75	 104
75	 114
75	 118
76	 77
76	 78
76	 88
76	 91
76	 101
76	 104
76	 115
76	 118
77	 78
77	 89
77	 91
77	 102
77	 104
77	 116
77	 118
78	 90
78	 91
78	 103
78	 104
78	 117
78	 118
79	 80
79	 81
79	 82
79	 83
79	 84
79	 85
79	 86
79	 87
79	 88
79	 89
79	 90
79	 91
79	 92
79	 105
79	 106
79	 119
80	 81
80	 82
80	 83
80	 84
80	 85
80	 86
80	 87
80	 88
80	 89
80	 90
80	 91
80	 93
80	 105
80	 107
80	 119
81	 82
81	 83
81	 84
81	 85
81	 86
81	 87
81	 88
81	 89
81	 90
81	 91
81	 94
81	 105
81	 108
81	 119
82	 83
82	 84
82	 85
82	 86
82	 87
82	 88
82	 89
82	 90
82	 91
82	 95
82	 105
82	 109
82	 119
83	 84
83	 85
83	 86
83	 87
83	 88
83	 89
83	 90
83	 91
83	 96
83	 105
83	 110
83	 119
84	 85
84	 86
84	 87
84	 88
84	 89
84	 90
84	 91
84	 97
84	 105
84	 111
84	 119
85	 86
85	 87
85	 88
85	 89
85	 90
85	 91
85	 98
85	 105
85	 112
85	 119
86	 87
86	 88
86	 89
86	 90
86	 91
86	 99
86	 105
86	 113
86	 119
87	 88
87	 89
87	 90
87	 91
87	 100
87	 105
87	 114
87	 119
88	 89
88	 90
88	 91
88	 101
88	 105
88	 115
88	 119
89	 90
89	 91
89	 102
89	 105
89	 116
89	 119
90	 91
90	 103
90	 105
90	 117
90	 119
91	 104
91	 105
91	 118
91	 119
92	 93
92	 94
92	 95
92	 96
92	 97
92	 98
92	 99
92	 100
92	 101
92	 102
92	 103
92	 104
92	 105
92	 106
92	 120
93	 94
93	 95
93	 96
93	 97
93	 98
93	 99
93	 100
93	 101
93	 102
93	 103
93	 104
93	 105
93	 107
93	 120
94	 95
94	 96
94	 97
94	 98
94	 99
94	 100
94	 101
94	 102
94	 103
94	 104
94	 105
94	 108
94	 120
95	 96
95	 97
95	 98
95	 99
95	 100
95	 101
95	 102
95	 103
95	 104
95	 105
95	 109
95	 120
96	 97
96	 98
96	 99
96	 100
96	 101
96	 102
96	 103
96	 104
96	 105
96	 110
96	 120
97	 98
97	 99
97	 100
97	 101
97	 102
97	 103
97	 104
97	 105
97	 111
97	 120
98	 99
98	 100
98	 101
98	 102
98	 103
98	 104
98	 105
98	 112
98	 120
99	 100
99	 101
99	 102
99	 103
99	 104
99	 105
99	 113
99	 120
100	 101
100	 102
100	 103
100	 104
100	 105
100	 114
100	 120
101	 102
101	 103
101	 104
101	 105
101	 115
101	 120
102	 103
102	 104
102	 105
102	 116
102	 120
103	 104
103	 105
103	 117
103	 120
104	 105
104	 118
104	 120
105	 119
105	 120
106	 107
106	 108
106	 109
106	 110
106	 111
106	 112
106	 113
106	 114
106	 115
106	 116
106	 117
106	 118
106	 119
106	 120
107	 108
107	 109
107	 110
107	 111
107	 112
107	 113
107	 114
107	 115
107	 116
107	 117
107	 118
107	 119
107	 120
108	 109
108	 110
108	 111
108	 112
108	 113
108	 114
108	 115
108	 116
108	 117
108	 118
108	 119
108	 120
109	 110
109	 111
109	 112
109	 113
109	 114
109	 115
109	 116
109	 117
109	 118
109	 119
109	 120
110	 111
110	 112
110	 113
110	 114
110	 115
110	 116
110	 117
110	 118
110	 119
110	 120
111	 112
111	 113
111	 114
111	 115
111	 116
111	 117
111	 118
111	 119
111	 120
112	 113
112	 114
112	 115
112	 116
112	 117
112	 118
112	 119
112	 120
113	 114
113	 115
113	 116
113	 117
113	 118
113	 119
113	 120
114	 115
114	 116
114	 117
114	 118
114	 119
114	 120
115	 116
115	 117
115	 118
115	 119
115	 120
116	 117
116	 118
116	 119
116	 120
117	 118
117	 119
117	 120
118	 119
118	 120
119	 120
;