n := 200;
B := 1175;
param : n c w:=
1	 64	 138
2	 137	 78
3	 29	 172
4	 176	 27
5	 164	 50
6	 70	 125
7	 37	 164
8	 191	 18
9	 133	 79
10	 194	 12
11	 149	 60
12	 34	 168
13	 22	 187
14	 60	 140
15	 188	 23
16	 71	 122
17	 77	 116
18	 137	 77
19	 114	 90
20	 55	 146
21	 196	 9
22	 13	 193
23	 102	 100
24	 61	 139
25	 184	 25
26	 165	 48
27	 191	 19
28	 1	 199
29	 139	 76
30	 52	 153
31	 66	 130
32	 10	 195
33	 114	 90
34	 16	 191
35	 55	 142
36	 87	 111
37	 192	 17
38	 23	 180
39	 20	 191
40	 54	 148
41	 118	 89
42	 78	 115
43	 116	 89
44	 25	 176
45	 43	 163
46	 23	 180
47	 188	 21
48	 169	 42
49	 48	 155
50	 127	 86
51	 139	 76
52	 8	 196
53	 161	 51
54	 156	 56
55	 197	 8
56	 24	 178
57	 28	 173
58	 90	 110
59	 59	 140
60	 64	 133
61	 160	 51
62	 18	 191
63	 193	 14
64	 128	 81
65	 152	 60
66	 128	 80
67	 151	 60
68	 105	 94
69	 198	 1
70	 163	 50
71	 111	 92
72	 185	 25
73	 125	 87
74	 172	 34
75	 63	 138
76	 115	 90
77	 101	 101
78	 73	 118
79	 38	 164
80	 197	 2
81	 42	 163
82	 158	 53
83	 70	 126
84	 156	 57
85	 96	 102
86	 148	 67
87	 97	 102
88	 70	 125
89	 170	 40
90	 102	 100
91	 160	 51
92	 186	 23
93	 125	 88
94	 165	 49
95	 132	 79
96	 168	 43
97	 197	 3
98	 2	 199
99	 66	 130
100	 27	 176
101	 160	 51
102	 53	 151
103	 34	 168
104	 197	 5
105	 182	 26
106	 54	 149
107	 22	 187
108	 169	 40
109	 11	 193
110	 176	 28
111	 139	 76
112	 93	 105
113	 190	 19
114	 105	 95
115	 148	 71
116	 24	 178
117	 148	 74
118	 181	 27
119	 66	 133
120	 77	 117
121	 131	 79
122	 170	 39
123	 195	 10
124	 90	 111
125	 72	 122
126	 166	 47
127	 68	 127
128	 157	 54
129	 157	 55
130	 81	 113
131	 23	 182
132	 194	 14
133	 149	 61
134	 198	 2
135	 37	 165
136	 107	 93
137	 128	 80
138	 101	 100
139	 148	 67
140	 154	 59
141	 141	 75
142	 125	 87
143	 100	 101
144	 53	 151
145	 74	 117
146	 52	 152
147	 125	 86
148	 78	 114
149	 25	 176
150	 34	 169
151	 195	 11
152	 57	 140
153	 110	 92
154	 22	 183
155	 195	 11
156	 36	 165
157	 31	 172
158	 171	 35
159	 150	 60
160	 3	 198
161	 45	 161
162	 74	 118
163	 192	 15
164	 53	 152
165	 56	 141
166	 154	 59
167	 73	 121
168	 106	 94
169	 174	 33
170	 171	 37
171	 1	 199
172	 148	 67
173	 35	 167
174	 50	 154
175	 158	 52
176	 83	 113
177	 98	 102
178	 53	 150
179	 66	 132
180	 36	 165
181	 47	 159
182	 112	 92
183	 22	 183
184	 77	 116
185	 174	 31
186	 197	 6
187	 48	 159
188	 118	 89
189	 166	 47
190	 91	 108
191	 171	 37
192	 67	 128
193	 36	 165
194	 105	 97
195	 14	 193
196	 196	 10
197	 150	 60
198	 47	 160
199	 174	 34
200	 134	 78
;
Edge List :=
 3	 2
3	 6
3	 11
3	 13
3	 14
3	 19
3	 20
3	 21
3	 28
3	 29
3	 30
3	 31
3	 35
3	 46
3	 48
3	 49
3	 53
3	 56
3	 63
3	 69
3	 70
3	 71
3	 76
3	 83
3	 90
3	 91
3	 92
3	 95
3	 101
3	 103
3	 111
3	 113
3	 115
3	 117
3	 120
3	 124
3	 129
3	 130
3	 132
3	 134
3	 136
3	 137
3	 138
3	 139
3	 141
3	 144
3	 145
3	 150
3	 154
3	 157
3	 158
3	 159
3	 164
3	 166
3	 169
3	 174
3	 180
3	 182
3	 183
3	 186
3	 189
3	 192
3	 195
3	 200
1	 2
1	 6
1	 9
1	 10
1	 13
1	 20
1	 24
1	 25
1	 28
1	 35
1	 36
1	 41
1	 47
1	 49
1	 51
1	 52
1	 53
1	 55
1	 57
1	 59
1	 65
1	 68
1	 71
1	 76
1	 80
1	 82
1	 83
1	 91
1	 92
1	 95
1	 96
1	 100
1	 102
1	 103
1	 104
1	 107
1	 114
1	 115
1	 120
1	 132
1	 136
1	 137
1	 138
1	 141
1	 143
1	 145
1	 147
1	 149
1	 150
1	 154
1	 157
1	 160
1	 164
1	 166
1	 169
1	 175
1	 180
1	 181
1	 182
1	 184
1	 189
1	 192
1	 193
1	 195
1	 196
1	 200
4	 6
4	 9
4	 12
4	 13
4	 14
4	 16
4	 20
4	 21
4	 24
4	 25
4	 28
4	 33
4	 34
4	 35
4	 39
4	 46
4	 47
4	 55
4	 57
4	 61
4	 64
4	 66
4	 68
4	 70
4	 71
4	 73
4	 76
4	 80
4	 83
4	 90
4	 91
4	 92
4	 95
4	 101
4	 104
4	 107
4	 111
4	 113
4	 114
4	 116
4	 117
4	 124
4	 136
4	 137
4	 138
4	 140
4	 143
4	 144
4	 145
4	 147
4	 150
4	 158
4	 159
4	 164
4	 166
4	 174
4	 177
4	 180
4	 182
4	 183
4	 184
4	 187
4	 193
4	 194
4	 195
4	 196
2	 5
2	 7
2	 8
2	 10
2	 15
2	 18
2	 26
2	 27
2	 29
2	 37
2	 38
2	 41
2	 44
2	 50
2	 54
2	 60
2	 62
2	 65
2	 67
2	 73
2	 77
2	 84
2	 86
2	 87
2	 89
2	 90
2	 93
2	 94
2	 97
2	 103
2	 105
2	 109
2	 117
2	 118
2	 121
2	 127
2	 130
2	 133
2	 134
2	 135
2	 140
2	 146
2	 155
2	 156
2	 168
2	 170
2	 173
2	 181
2	 184
2	 185
2	 188
2	 190
2	 191
2	 193
2	 198
5	 9
5	 11
5	 13
5	 14
5	 16
5	 20
5	 21
5	 24
5	 28
5	 29
5	 30
5	 31
5	 35
5	 36
5	 37
5	 46
5	 51
5	 52
5	 53
5	 56
5	 64
5	 70
5	 72
5	 75
5	 76
5	 78
5	 79
5	 80
5	 85
5	 86
5	 90
5	 91
5	 95
5	 102
5	 103
5	 107
5	 111
5	 114
5	 116
5	 119
5	 120
5	 124
5	 125
5	 129
5	 132
5	 136
5	 137
5	 144
5	 147
5	 150
5	 154
5	 157
5	 158
5	 159
5	 162
5	 164
5	 165
5	 166
5	 167
5	 170
5	 175
5	 177
5	 180
5	 189
5	 192
5	 193
5	 195
5	 197
6	 8
6	 10
6	 12
6	 15
6	 16
6	 19
6	 27
6	 32
6	 33
6	 37
6	 40
6	 41
6	 42
6	 45
6	 48
6	 50
6	 55
6	 59
6	 62
6	 66
6	 70
6	 72
6	 74
6	 77
6	 81
6	 83
6	 85
6	 86
6	 88
6	 93
6	 98
6	 106
6	 109
6	 123
6	 134
6	 142
6	 146
6	 148
6	 152
6	 160
6	 161
6	 163
6	 168
6	 171
6	 172
6	 173
6	 176
6	 177
6	 181
6	 185
6	 191
7	 9
7	 21
7	 25
7	 29
7	 31
7	 34
7	 35
7	 39
7	 44
7	 47
7	 48
7	 51
7	 52
7	 56
7	 57
7	 58
7	 61
7	 62
7	 68
7	 70
7	 71
7	 75
7	 76
7	 78
7	 79
7	 82
7	 83
7	 90
7	 91
7	 92
7	 94
7	 95
7	 100
7	 101
7	 102
7	 107
7	 113
7	 115
7	 116
7	 117
7	 118
7	 119
7	 120
7	 124
7	 125
7	 136
7	 141
7	 142
7	 145
7	 150
7	 154
7	 159
7	 164
7	 166
7	 169
7	 174
7	 177
7	 180
7	 187
7	 189
7	 193
7	 194
7	 195
8	 11
8	 13
8	 14
8	 15
8	 16
8	 25
8	 30
8	 31
8	 34
8	 35
8	 36
8	 39
8	 46
8	 47
8	 51
8	 53
8	 55
8	 57
8	 63
8	 64
8	 68
8	 70
8	 71
8	 78
8	 79
8	 80
8	 83
8	 90
8	 92
8	 95
8	 100
8	 101
8	 103
8	 104
8	 111
8	 112
8	 113
8	 115
8	 119
8	 124
8	 126
8	 127
8	 136
8	 141
8	 144
8	 149
8	 151
8	 153
8	 154
8	 157
8	 158
8	 162
8	 166
8	 172
8	 174
8	 183
8	 187
8	 195
8	 196
8	 197
9	 10
9	 12
9	 15
9	 17
9	 22
9	 25
9	 26
9	 27
9	 32
9	 33
9	 37
9	 40
9	 41
9	 42
9	 43
9	 50
9	 60
9	 66
9	 72
9	 74
9	 81
9	 84
9	 86
9	 92
9	 93
9	 94
9	 96
9	 98
9	 105
9	 106
9	 107
9	 109
9	 110
9	 122
9	 123
9	 134
9	 139
9	 140
9	 142
9	 148
9	 151
9	 155
9	 160
9	 163
9	 175
9	 176
9	 181
9	 185
9	 188
9	 191
9	 197
9	 198
9	 199
10	 13
10	 16
10	 20
10	 24
10	 25
10	 29
10	 30
10	 35
10	 36
10	 39
10	 41
10	 46
10	 47
10	 49
10	 51
10	 52
10	 55
10	 59
10	 63
10	 65
10	 68
10	 70
10	 71
10	 80
10	 82
10	 83
10	 90
10	 92
10	 95
10	 96
10	 100
10	 101
10	 102
10	 111
10	 114
10	 115
10	 116
10	 120
10	 129
10	 132
10	 136
10	 137
10	 138
10	 144
10	 145
10	 149
10	 150
10	 154
10	 157
10	 158
10	 159
10	 160
10	 162
10	 167
10	 175
10	 177
10	 179
10	 181
10	 182
10	 183
10	 184
10	 186
10	 187
10	 193
10	 194
10	 195
10	 196
10	 197
11	 12
11	 15
11	 18
11	 22
11	 23
11	 30
11	 33
11	 38
11	 40
11	 45
11	 54
11	 60
11	 65
11	 72
11	 77
11	 86
11	 88
11	 102
11	 110
11	 120
11	 121
11	 123
11	 126
11	 127
11	 128
11	 131
11	 134
11	 152
11	 155
11	 157
11	 159
11	 160
11	 161
11	 165
11	 170
11	 171
11	 176
11	 178
11	 187
11	 188
11	 191
11	 198
12	 14
12	 20
12	 24
12	 25
12	 28
12	 29
12	 30
12	 33
12	 36
12	 39
12	 48
12	 51
12	 52
12	 56
12	 61
12	 63
12	 66
12	 68
12	 70
12	 71
12	 73
12	 75
12	 76
12	 79
12	 80
12	 82
12	 83
12	 96
12	 102
12	 103
12	 104
12	 112
12	 114
12	 115
12	 116
12	 119
12	 124
12	 125
12	 129
12	 140
12	 145
12	 149
12	 159
12	 162
12	 166
12	 167
12	 174
12	 179
12	 180
12	 183
12	 186
12	 189
12	 192
12	 193
12	 194
13	 15
13	 17
13	 18
13	 21
13	 26
13	 32
13	 38
13	 40
13	 42
13	 43
13	 44
13	 45
13	 50
13	 54
13	 58
13	 60
13	 65
13	 66
13	 67
13	 73
13	 74
13	 77
13	 80
13	 84
13	 87
13	 98
13	 105
13	 108
13	 109
13	 118
13	 123
13	 125
13	 126
13	 127
13	 128
13	 131
13	 133
13	 135
13	 137
13	 139
13	 142
13	 146
13	 150
13	 152
13	 156
13	 161
13	 163
13	 168
13	 171
13	 173
13	 178
13	 181
13	 185
13	 191
13	 199
14	 15
14	 18
14	 26
14	 32
14	 36
14	 37
14	 42
14	 43
14	 44
14	 49
14	 54
14	 60
14	 62
14	 63
14	 66
14	 67
14	 69
14	 72
14	 73
14	 74
14	 77
14	 81
14	 86
14	 89
14	 99
14	 100
14	 105
14	 106
14	 109
14	 110
14	 114
14	 118
14	 121
14	 123
14	 128
14	 130
14	 131
14	 133
14	 134
14	 139
14	 142
14	 148
14	 151
14	 163
14	 165
14	 166
14	 173
14	 176
14	 178
14	 181
14	 185
14	 188
14	 190
14	 191
14	 198
14	 199
15	 16
15	 20
15	 21
15	 24
15	 25
15	 29
15	 30
15	 31
15	 39
15	 47
15	 48
15	 52
15	 57
15	 58
15	 63
15	 64
15	 70
15	 71
15	 75
15	 76
15	 80
15	 82
15	 90
15	 91
15	 95
15	 96
15	 101
15	 103
15	 104
15	 107
15	 113
15	 114
15	 115
15	 120
15	 124
15	 126
15	 127
15	 132
15	 138
15	 141
15	 150
15	 151
15	 154
15	 157
15	 158
15	 159
15	 164
15	 169
15	 172
15	 174
15	 175
15	 177
15	 183
15	 184
15	 186
15	 187
15	 192
15	 194
15	 197
15	 200
16	 23
16	 26
16	 27
16	 32
16	 33
16	 40
16	 43
16	 45
16	 48
16	 55
16	 59
16	 60
16	 62
16	 65
16	 66
16	 70
16	 73
16	 74
16	 83
16	 84
16	 85
16	 86
16	 88
16	 94
16	 97
16	 105
16	 106
16	 110
16	 121
16	 122
16	 127
16	 130
16	 133
16	 135
16	 146
16	 148
16	 151
16	 155
16	 165
16	 173
16	 177
16	 178
16	 181
16	 188
16	 198
16	 199
17	 20
17	 24
17	 28
17	 29
17	 34
17	 39
17	 47
17	 48
17	 49
17	 53
17	 57
17	 58
17	 61
17	 63
17	 64
17	 67
17	 68
17	 71
17	 78
17	 79
17	 82
17	 90
17	 91
17	 93
17	 96
17	 99
17	 100
17	 101
17	 104
17	 107
17	 112
17	 115
17	 117
17	 124
17	 125
17	 136
17	 137
17	 141
17	 146
17	 147
17	 150
17	 157
17	 162
17	 164
17	 171
17	 175
17	 177
17	 180
17	 184
17	 186
17	 187
17	 192
17	 194
17	 196
18	 20
18	 23
18	 29
18	 31
18	 32
18	 34
18	 36
18	 39
18	 43
18	 48
18	 49
18	 51
18	 55
18	 56
18	 58
18	 61
18	 63
18	 71
18	 76
18	 78
18	 79
18	 80
18	 83
18	 87
18	 90
18	 91
18	 92
18	 95
18	 96
18	 100
18	 101
18	 102
18	 103
18	 113
18	 116
18	 119
18	 120
18	 124
18	 129
18	 131
18	 136
18	 138
18	 143
18	 144
18	 145
18	 147
18	 149
18	 153
18	 158
18	 159
18	 162
18	 164
18	 174
18	 177
18	 179
18	 180
18	 183
18	 184
18	 186
18	 187
18	 193
18	 197
19	 20
19	 21
19	 24
19	 30
19	 35
19	 46
19	 48
19	 51
19	 55
19	 56
19	 58
19	 61
19	 64
19	 68
19	 69
19	 79
19	 80
19	 82
19	 83
19	 95
19	 100
19	 103
19	 104
19	 107
19	 112
19	 114
19	 115
19	 116
19	 124
19	 125
19	 129
19	 130
19	 132
19	 134
19	 137
19	 139
19	 143
19	 145
19	 147
19	 159
19	 164
19	 167
19	 180
19	 184
19	 186
19	 193
19	 195
19	 200
20	 22
20	 26
20	 32
20	 33
20	 37
20	 42
20	 43
20	 44
20	 45
20	 59
20	 60
20	 69
20	 72
20	 74
20	 77
20	 81
20	 85
20	 86
20	 87
20	 89
20	 99
20	 105
20	 106
20	 109
20	 121
20	 122
20	 123
20	 124
20	 126
20	 128
20	 130
20	 138
20	 139
20	 148
20	 151
20	 152
20	 156
20	 160
20	 163
20	 164
20	 165
20	 167
20	 172
20	 173
20	 176
20	 178
20	 179
20	 181
20	 183
20	 188
20	 190
20	 191
20	 199
21	 22
21	 27
21	 33
21	 38
21	 41
21	 43
21	 45
21	 54
21	 58
21	 59
21	 62
21	 65
21	 80
21	 81
21	 86
21	 87
21	 88
21	 98
21	 105
21	 108
21	 118
21	 122
21	 125
21	 126
21	 128
21	 131
21	 134
21	 135
21	 137
21	 139
21	 146
21	 148
21	 150
21	 151
21	 156
21	 161
21	 163
21	 165
21	 168
21	 171
21	 172
21	 173
21	 178
21	 185
21	 191
21	 198
21	 199
22	 25
22	 28
22	 35
22	 36
22	 48
22	 49
22	 50
22	 51
22	 52
22	 53
22	 55
22	 58
22	 61
22	 63
22	 64
22	 68
22	 70
22	 76
22	 78
22	 82
22	 89
22	 91
22	 96
22	 100
22	 106
22	 112
22	 113
22	 114
22	 115
22	 116
22	 119
22	 123
22	 128
22	 129
22	 132
22	 136
22	 137
22	 138
22	 141
22	 144
22	 145
22	 149
22	 153
22	 158
22	 164
22	 166
22	 167
22	 169
22	 174
22	 175
22	 179
22	 184
22	 187
22	 189
22	 193
22	 194
22	 196
22	 197
23	 24
23	 30
23	 31
23	 32
23	 35
23	 36
23	 43
23	 47
23	 49
23	 51
23	 55
23	 57
23	 68
23	 70
23	 71
23	 75
23	 76
23	 79
23	 80
23	 82
23	 87
23	 90
23	 91
23	 92
23	 104
23	 107
23	 111
23	 113
23	 116
23	 117
23	 124
23	 131
23	 132
23	 136
23	 137
23	 138
23	 144
23	 145
23	 149
23	 150
23	 154
23	 159
23	 162
23	 164
23	 169
23	 174
23	 175
23	 179
23	 180
23	 182
23	 183
23	 184
23	 186
23	 187
23	 189
23	 193
23	 195
23	 196
23	 197
24	 35
24	 37
24	 38
24	 41
24	 42
24	 54
24	 60
24	 62
24	 64
24	 67
24	 69
24	 74
24	 76
24	 79
24	 81
24	 84
24	 85
24	 86
24	 93
24	 97
24	 98
24	 99
24	 109
24	 110
24	 118
24	 122
24	 127
24	 128
24	 130
24	 133
24	 135
24	 140
24	 142
24	 146
24	 154
24	 156
24	 160
24	 161
24	 168
24	 172
24	 181
24	 191
24	 196
24	 198
25	 26
25	 27
25	 32
25	 37
25	 41
25	 43
25	 44
25	 50
25	 59
25	 72
25	 73
25	 81
25	 84
25	 87
25	 89
25	 92
25	 96
25	 97
25	 98
25	 99
25	 105
25	 107
25	 108
25	 118
25	 121
25	 122
25	 126
25	 130
25	 133
25	 134
25	 135
25	 139
25	 140
25	 142
25	 152
25	 156
25	 160
25	 161
25	 165
25	 171
25	 172
25	 175
25	 185
25	 188
25	 191
25	 197
25	 199
26	 29
26	 30
26	 35
26	 36
26	 47
26	 49
26	 51
26	 52
26	 57
26	 58
26	 63
26	 68
26	 70
26	 71
26	 78
26	 81
26	 82
26	 90
26	 91
26	 92
26	 95
26	 100
26	 102
26	 103
26	 112
26	 114
26	 115
26	 120
26	 121
26	 136
26	 137
26	 138
26	 143
26	 150
26	 158
26	 159
26	 162
26	 166
26	 168
26	 169
26	 173
26	 180
26	 182
26	 184
26	 186
26	 189
26	 190
26	 193
26	 194
26	 195
26	 196
26	 197
27	 29
27	 30
27	 31
27	 39
27	 47
27	 49
27	 53
27	 55
27	 56
27	 57
27	 58
27	 60
27	 63
27	 64
27	 68
27	 74
27	 75
27	 76
27	 78
27	 80
27	 82
27	 91
27	 103
27	 104
27	 111
27	 112
27	 114
27	 116
27	 117
27	 124
27	 125
27	 136
27	 137
27	 138
27	 148
27	 150
27	 154
27	 158
27	 159
27	 164
27	 176
27	 178
27	 182
27	 184
27	 186
27	 187
27	 189
27	 192
27	 193
27	 196
27	 197
27	 198
27	 200
28	 32
28	 33
28	 38
28	 44
28	 52
28	 54
28	 59
28	 60
28	 66
28	 67
28	 72
28	 77
28	 81
28	 85
28	 87
28	 88
28	 89
28	 98
28	 108
28	 118
28	 121
28	 122
28	 123
28	 127
28	 128
28	 129
28	 130
28	 133
28	 135
28	 139
28	 141
28	 142
28	 147
28	 148
28	 149
28	 152
28	 160
28	 161
28	 163
28	 168
28	 171
28	 172
28	 173
28	 176
28	 182
28	 185
28	 199
29	 33
29	 37
29	 40
29	 41
29	 42
29	 45
29	 50
29	 60
29	 66
29	 77
29	 81
29	 84
29	 85
29	 86
29	 89
29	 90
29	 93
29	 97
29	 99
29	 103
29	 105
29	 108
29	 117
29	 122
29	 126
29	 128
29	 130
29	 135
29	 146
29	 148
29	 152
29	 155
29	 156
29	 160
29	 161
29	 163
29	 165
29	 171
29	 172
29	 173
29	 184
29	 185
29	 190
29	 191
29	 193
29	 199
30	 33
30	 38
30	 41
30	 44
30	 45
30	 54
30	 59
30	 60
30	 65
30	 66
30	 69
30	 73
30	 74
30	 77
30	 84
30	 85
30	 88
30	 97
30	 98
30	 102
30	 118
30	 120
30	 122
30	 123
30	 126
30	 131
30	 139
30	 142
30	 146
30	 148
30	 156
30	 157
30	 159
30	 160
30	 165
30	 173
30	 176
30	 185
30	 187
30	 188
30	 199
31	 33
31	 40
31	 42
31	 43
31	 44
31	 45
31	 50
31	 53
31	 54
31	 59
31	 68
31	 71
31	 73
31	 74
31	 77
31	 86
31	 87
31	 89
31	 93
31	 97
31	 99
31	 105
31	 106
31	 108
31	 110
31	 113
31	 127
31	 130
31	 134
31	 135
31	 140
31	 146
31	 151
31	 155
31	 156
31	 165
31	 170
31	 173
31	 178
31	 185
31	 190
31	 191
31	 192
31	 194
31	 198
32	 43
32	 46
32	 52
32	 53
32	 55
32	 56
32	 57
32	 61
32	 63
32	 68
32	 71
32	 80
32	 82
32	 87
32	 91
32	 92
32	 95
32	 100
32	 101
32	 102
32	 103
32	 104
32	 111
32	 112
32	 113
32	 114
32	 116
32	 117
32	 119
32	 120
32	 124
32	 129
32	 131
32	 132
32	 136
32	 138
32	 143
32	 144
32	 145
32	 147
32	 150
32	 153
32	 157
32	 159
32	 166
32	 167
32	 174
32	 175
32	 180
32	 183
32	 189
32	 193
32	 195
32	 197
33	 35
33	 36
33	 39
33	 47
33	 53
33	 56
33	 61
33	 63
33	 64
33	 66
33	 70
33	 71
33	 73
33	 75
33	 76
33	 78
33	 79
33	 80
33	 82
33	 92
33	 96
33	 100
33	 102
33	 103
33	 111
33	 112
33	 114
33	 117
33	 119
33	 124
33	 125
33	 132
33	 136
33	 138
33	 140
33	 144
33	 145
33	 147
33	 149
33	 153
33	 154
33	 164
33	 166
33	 167
33	 169
33	 174
33	 175
33	 177
33	 179
33	 180
33	 184
33	 186
33	 187
33	 189
33	 195
33	 196
33	 197
34	 37
34	 38
34	 42
34	 43
34	 45
34	 47
34	 54
34	 60
34	 61
34	 62
34	 65
34	 72
34	 77
34	 81
34	 84
34	 85
34	 87
34	 88
34	 89
34	 93
34	 97
34	 98
34	 106
34	 108
34	 109
34	 110
34	 119
34	 122
34	 123
34	 126
34	 128
34	 130
34	 132
34	 133
34	 134
34	 139
34	 140
34	 145
34	 148
34	 152
34	 155
34	 156
34	 160
34	 161
34	 163
34	 165
34	 176
34	 178
34	 180
34	 181
34	 185
34	 190
34	 191
34	 198
35	 37
35	 40
35	 41
35	 42
35	 43
35	 44
35	 50
35	 54
35	 64
35	 65
35	 67
35	 72
35	 74
35	 76
35	 77
35	 79
35	 85
35	 93
35	 97
35	 98
35	 99
35	 109
35	 110
35	 123
35	 127
35	 131
35	 133
35	 134
35	 135
35	 142
35	 146
35	 148
35	 152
35	 154
35	 156
35	 160
35	 161
35	 163
35	 170
35	 171
35	 172
35	 173
35	 176
35	 188
35	 190
35	 191
35	 196
35	 199
36	 40
36	 41
36	 42
36	 43
36	 45
36	 49
36	 50
36	 54
36	 59
36	 60
36	 62
36	 63
36	 65
36	 66
36	 69
36	 72
36	 73
36	 77
36	 81
36	 84
36	 86
36	 97
36	 99
36	 100
36	 106
36	 108
36	 114
36	 128
36	 131
36	 133
36	 134
36	 135
36	 142
36	 152
36	 156
36	 161
36	 165
36	 166
36	 172
36	 178
36	 188
36	 198
37	 47
37	 49
37	 56
37	 61
37	 68
37	 72
37	 78
37	 80
37	 82
37	 83
37	 85
37	 86
37	 90
37	 91
37	 92
37	 95
37	 102
37	 104
37	 111
37	 115
37	 117
37	 124
37	 136
37	 141
37	 143
37	 147
37	 158
37	 162
37	 164
37	 165
37	 166
37	 170
37	 174
37	 175
37	 183
37	 184
37	 187
37	 189
37	 192
37	 193
37	 195
38	 39
38	 40
38	 46
38	 47
38	 48
38	 49
38	 52
38	 56
38	 58
38	 63
38	 64
38	 70
38	 71
38	 80
38	 83
38	 88
38	 90
38	 92
38	 96
38	 101
38	 103
38	 104
38	 107
38	 110
38	 112
38	 113
38	 117
38	 124
38	 125
38	 132
38	 136
38	 137
38	 138
38	 141
38	 143
38	 149
38	 150
38	 152
38	 156
38	 157
38	 158
38	 162
38	 164
38	 166
38	 169
38	 174
38	 175
38	 177
38	 179
38	 183
38	 185
38	 187
38	 192
38	 196
38	 200
39	 40
39	 42
39	 43
39	 46
39	 50
39	 54
39	 60
39	 67
39	 69
39	 72
39	 73
39	 77
39	 81
39	 85
39	 86
39	 89
39	 93
39	 94
39	 99
39	 101
39	 104
39	 105
39	 106
39	 110
39	 115
39	 121
39	 122
39	 127
39	 128
39	 131
39	 135
39	 143
39	 151
39	 152
39	 155
39	 156
39	 165
39	 170
39	 185
39	 188
39	 190
39	 198
39	 199
39	 200
40	 47
40	 51
40	 52
40	 55
40	 56
40	 58
40	 63
40	 64
40	 68
40	 70
40	 79
40	 88
40	 90
40	 91
40	 92
40	 95
40	 96
40	 102
40	 104
40	 107
40	 110
40	 112
40	 113
40	 132
40	 136
40	 137
40	 138
40	 143
40	 145
40	 147
40	 150
40	 152
40	 154
40	 156
40	 157
40	 158
40	 159
40	 162
40	 166
40	 167
40	 169
40	 174
40	 175
40	 177
40	 179
40	 180
40	 182
40	 184
40	 185
40	 186
40	 187
40	 192
40	 195
40	 196
40	 197
40	 200
41	 47
41	 49
41	 51
41	 52
41	 53
41	 55
41	 56
41	 59
41	 61
41	 63
41	 64
41	 65
41	 70
41	 75
41	 79
41	 83
41	 90
41	 92
41	 103
41	 107
41	 111
41	 114
41	 117
41	 119
41	 125
41	 136
41	 137
41	 138
41	 141
41	 144
41	 145
41	 149
41	 153
41	 157
41	 158
41	 159
41	 160
41	 162
41	 166
41	 167
41	 169
41	 175
41	 179
41	 180
41	 181
41	 183
41	 184
41	 186
41	 187
41	 189
41	 192
41	 194
42	 46
42	 48
42	 51
42	 56
42	 57
42	 64
42	 68
42	 70
42	 71
42	 75
42	 79
42	 90
42	 96
42	 98
42	 101
42	 103
42	 105
42	 107
42	 108
42	 109
42	 112
42	 113
42	 116
42	 117
42	 124
42	 132
42	 135
42	 141
42	 144
42	 145
42	 147
42	 149
42	 150
42	 153
42	 154
42	 159
42	 166
42	 174
42	 175
42	 177
42	 179
42	 180
42	 184
42	 186
42	 187
42	 191
42	 194
42	 196
42	 197
42	 200
43	 47
43	 49
43	 51
43	 52
43	 57
43	 58
43	 61
43	 71
43	 75
43	 80
43	 82
43	 83
43	 87
43	 91
43	 92
43	 95
43	 96
43	 101
43	 103
43	 104
43	 107
43	 111
43	 112
43	 113
43	 119
43	 120
43	 131
43	 136
43	 137
43	 138
43	 143
43	 144
43	 145
43	 147
43	 150
43	 157
43	 158
43	 159
43	 164
43	 166
43	 167
43	 175
43	 177
43	 179
43	 180
43	 184
43	 196
43	 197
44	 46
44	 47
44	 49
44	 53
44	 55
44	 57
44	 58
44	 61
44	 62
44	 70
44	 71
44	 76
44	 78
44	 82
44	 90
44	 91
44	 92
44	 94
44	 103
44	 104
44	 112
44	 113
44	 115
44	 118
44	 120
44	 124
44	 129
44	 132
44	 136
44	 137
44	 138
44	 141
44	 142
44	 143
44	 144
44	 147
44	 149
44	 150
44	 154
44	 157
44	 158
44	 164
44	 167
44	 169
44	 175
44	 179
44	 183
44	 186
44	 187
44	 189
44	 192
44	 197
45	 46
45	 48
45	 49
45	 52
45	 53
45	 54
45	 55
45	 57
45	 77
45	 78
45	 90
45	 91
45	 95
45	 97
45	 100
45	 104
45	 107
45	 111
45	 112
45	 113
45	 115
45	 116
45	 117
45	 120
45	 129
45	 132
45	 141
45	 147
45	 149
45	 153
45	 154
45	 157
45	 162
45	 163
45	 166
45	 175
45	 180
45	 183
45	 184
45	 186
45	 187
45	 189
45	 193
45	 194
45	 195
45	 196
45	 197
45	 199
46	 50
46	 59
46	 60
46	 62
46	 65
46	 66
46	 67
46	 69
46	 72
46	 77
46	 81
46	 86
46	 87
46	 88
46	 94
46	 97
46	 101
46	 104
46	 109
46	 110
46	 115
46	 118
46	 121
46	 122
46	 123
46	 128
46	 130
46	 142
46	 143
46	 155
46	 156
46	 161
46	 165
46	 168
46	 188
46	 190
46	 191
46	 198
46	 199
46	 200
47	 54
47	 59
47	 61
47	 62
47	 65
47	 66
47	 67
47	 69
47	 74
47	 84
47	 85
47	 89
47	 94
47	 97
47	 106
47	 109
47	 110
47	 118
47	 119
47	 121
47	 126
47	 128
47	 130
47	 132
47	 135
47	 139
47	 140
47	 145
47	 146
47	 151
47	 156
47	 168
47	 170
47	 173
47	 178
47	 180
47	 181
47	 185
47	 188
47	 191
47	 198
47	 199
48	 55
48	 60
48	 62
48	 66
48	 69
48	 70
48	 74
48	 77
48	 83
48	 84
48	 86
48	 87
48	 88
48	 89
48	 98
48	 105
48	 108
48	 110
48	 118
48	 121
48	 122
48	 128
48	 130
48	 134
48	 135
48	 139
48	 142
48	 152
48	 161
48	 165
48	 168
48	 171
48	 173
48	 176
48	 177
48	 178
48	 181
48	 185
48	 188
48	 190
48	 191
48	 198
49	 59
49	 60
49	 62
49	 63
49	 66
49	 67
49	 73
49	 84
49	 85
49	 86
49	 88
49	 89
49	 94
49	 97
49	 99
49	 100
49	 105
49	 106
49	 110
49	 114
49	 122
49	 126
49	 127
49	 128
49	 133
49	 135
49	 140
49	 146
49	 148
49	 151
49	 156
49	 165
49	 166
49	 173
49	 181
49	 185
49	 188
49	 191
49	 199
50	 51
50	 52
50	 53
50	 55
50	 57
50	 64
50	 68
50	 71
50	 75
50	 76
50	 79
50	 80
50	 83
50	 89
50	 90
50	 91
50	 92
50	 96
50	 100
50	 104
50	 106
50	 107
50	 111
50	 112
50	 116
50	 119
50	 120
50	 123
50	 128
50	 132
50	 136
50	 137
50	 138
50	 141
50	 143
50	 144
50	 145
50	 149
50	 150
50	 153
50	 158
50	 174
50	 179
50	 180
50	 184
50	 189
50	 193
50	 196
50	 200
51	 54
51	 65
51	 72
51	 73
51	 82
51	 84
51	 85
51	 86
51	 87
51	 88
51	 91
51	 93
51	 94
51	 98
51	 99
51	 106
51	 111
51	 116
51	 121
51	 122
51	 123
51	 127
51	 131
51	 133
51	 134
51	 135
51	 139
51	 140
51	 146
51	 152
51	 153
51	 161
51	 163
51	 165
51	 170
51	 172
51	 174
51	 190
51	 198
52	 54
52	 59
52	 60
52	 65
52	 66
52	 67
52	 69
52	 72
52	 74
52	 77
52	 81
52	 84
52	 85
52	 86
52	 88
52	 89
52	 94
52	 98
52	 99
52	 108
52	 109
52	 110
52	 121
52	 122
52	 129
52	 130
52	 134
52	 135
52	 141
52	 146
52	 147
52	 149
52	 151
52	 152
52	 155
52	 156
52	 160
52	 161
52	 163
52	 171
52	 172
52	 173
52	 178
52	 181
52	 182
52	 185
52	 190
52	 198
53	 54
53	 65
53	 67
53	 68
53	 71
53	 72
53	 73
53	 84
53	 87
53	 88
53	 93
53	 94
53	 98
53	 99
53	 109
53	 113
53	 118
53	 121
53	 122
53	 123
53	 126
53	 127
53	 130
53	 131
53	 133
53	 135
53	 139
53	 142
53	 151
53	 155
53	 156
53	 161
53	 163
53	 168
53	 171
53	 172
53	 176
53	 178
53	 181
53	 188
53	 190
53	 191
53	 192
53	 194
53	 198
53	 199
54	 56
54	 57
54	 68
54	 75
54	 76
54	 77
54	 80
54	 82
54	 90
54	 92
54	 95
54	 96
54	 97
54	 100
54	 102
54	 103
54	 111
54	 112
54	 114
54	 116
54	 117
54	 120
54	 124
54	 129
54	 136
54	 137
54	 138
54	 141
54	 144
54	 145
54	 147
54	 149
54	 157
54	 162
54	 163
54	 164
54	 166
54	 169
54	 175
54	 184
54	 189
54	 192
54	 194
54	 195
54	 199
54	 200
55	 59
55	 62
55	 66
55	 70
55	 72
55	 74
55	 81
55	 83
55	 85
55	 86
55	 88
55	 93
55	 97
55	 98
55	 105
55	 106
55	 109
55	 110
55	 118
55	 121
55	 123
55	 130
55	 131
55	 133
55	 134
55	 139
55	 140
55	 142
55	 152
55	 160
55	 161
55	 165
55	 176
55	 177
55	 190
55	 191
55	 199
56	 62
56	 72
56	 73
56	 75
56	 84
56	 85
56	 87
56	 88
56	 93
56	 94
56	 97
56	 98
56	 106
56	 112
56	 118
56	 122
56	 126
56	 128
56	 135
56	 136
56	 139
56	 140
56	 142
56	 144
56	 146
56	 152
56	 156
56	 160
56	 163
56	 168
56	 169
56	 171
56	 176
56	 178
56	 181
56	 195
56	 199
57	 59
57	 62
57	 65
57	 67
57	 74
57	 77
57	 78
57	 84
57	 85
57	 86
57	 88
57	 89
57	 93
57	 94
57	 95
57	 105
57	 108
57	 109
57	 118
57	 126
57	 128
57	 130
57	 133
57	 135
57	 146
57	 148
57	 151
57	 155
57	 156
57	 158
57	 162
57	 165
57	 170
57	 178
57	 181
57	 185
57	 186
57	 188
57	 189
57	 190
57	 191
57	 198
57	 199
58	 59
58	 60
58	 66
58	 69
58	 72
58	 74
58	 77
58	 80
58	 81
58	 84
58	 85
58	 86
58	 93
58	 105
58	 121
58	 122
58	 123
58	 125
58	 126
58	 127
58	 128
58	 130
58	 133
58	 134
58	 135
58	 137
58	 139
58	 140
58	 148
58	 150
58	 151
58	 152
58	 155
58	 163
58	 168
58	 170
58	 172
58	 176
58	 181
58	 185
58	 191
58	 198
59	 65
59	 68
59	 76
59	 78
59	 79
59	 80
59	 83
59	 90
59	 91
59	 92
59	 95
59	 96
59	 100
59	 102
59	 111
59	 113
59	 119
59	 120
59	 124
59	 125
59	 129
59	 132
59	 136
59	 137
59	 143
59	 144
59	 145
59	 147
59	 149
59	 150
59	 154
59	 157
59	 158
59	 160
59	 162
59	 166
59	 167
59	 175
59	 177
59	 181
59	 184
59	 187
59	 195
59	 196
59	 197
59	 200
60	 71
60	 74
60	 76
60	 78
60	 80
60	 82
60	 90
60	 95
60	 101
60	 102
60	 104
60	 112
60	 113
60	 114
60	 115
60	 117
60	 120
60	 129
60	 132
60	 136
60	 141
60	 145
60	 148
60	 149
60	 150
60	 159
60	 164
60	 166
60	 169
60	 174
60	 175
60	 176
60	 178
60	 179
60	 180
60	 182
60	 183
60	 184
60	 186
60	 187
60	 189
60	 192
60	 197
60	 198
60	 200
61	 65
61	 67
61	 72
61	 74
61	 81
61	 84
61	 86
61	 87
61	 93
61	 97
61	 98
61	 105
61	 106
61	 109
61	 119
61	 121
61	 122
61	 123
61	 127
61	 128
61	 130
61	 131
61	 132
61	 133
61	 134
61	 135
61	 140
61	 142
61	 145
61	 146
61	 151
61	 155
61	 160
61	 161
61	 171
61	 173
61	 176
61	 180
61	 181
61	 185
61	 190
61	 198
61	 199
62	 63
62	 71
62	 75
62	 78
62	 79
62	 90
62	 91
62	 94
62	 95
62	 100
62	 104
62	 107
62	 111
62	 112
62	 115
62	 117
62	 118
62	 119
62	 125
62	 132
62	 136
62	 138
62	 141
62	 142
62	 143
62	 144
62	 157
62	 158
62	 159
62	 162
62	 164
62	 167
62	 169
62	 175
62	 177
62	 182
62	 183
62	 186
62	 187
62	 189
62	 193
62	 195
62	 196
62	 197
63	 66
63	 72
63	 73
63	 77
63	 84
63	 85
63	 89
63	 94
63	 100
63	 105
63	 108
63	 109
63	 110
63	 114
63	 118
63	 122
63	 123
63	 128
63	 130
63	 133
63	 135
63	 142
63	 148
63	 151
63	 152
63	 160
63	 161
63	 165
63	 166
63	 170
63	 172
63	 176
63	 181
63	 185
63	 191
64	 66
64	 67
64	 72
64	 76
64	 77
64	 79
64	 84
64	 86
64	 87
64	 89
64	 94
64	 97
64	 99
64	 105
64	 106
64	 108
64	 109
64	 121
64	 123
64	 126
64	 130
64	 131
64	 134
64	 135
64	 139
64	 140
64	 142
64	 151
64	 152
64	 154
64	 155
64	 156
64	 160
64	 161
64	 170
64	 171
64	 176
64	 178
64	 191
64	 196
64	 199
65	 70
65	 75
65	 76
65	 79
65	 80
65	 91
65	 95
65	 96
65	 101
65	 102
65	 107
65	 111
65	 113
65	 114
65	 115
65	 117
65	 119
65	 120
65	 124
65	 136
65	 137
65	 138
65	 141
65	 145
65	 147
65	 159
65	 160
65	 162
65	 164
65	 167
65	 180
65	 181
65	 184
65	 187
65	 189
65	 192
65	 194
65	 196
65	 197
65	 200
66	 70
66	 73
66	 75
66	 78
66	 79
66	 80
66	 82
66	 95
66	 101
66	 102
66	 103
66	 107
66	 112
66	 115
66	 116
66	 117
66	 132
66	 136
66	 137
66	 138
66	 140
66	 141
66	 143
66	 144
66	 147
66	 150
66	 153
66	 154
66	 157
66	 159
66	 177
66	 179
66	 182
66	 183
66	 186
66	 187
66	 192
66	 196
66	 197
66	 200
67	 68
67	 70
67	 71
67	 78
67	 79
67	 80
67	 82
67	 83
67	 91
67	 93
67	 99
67	 100
67	 101
67	 102
67	 103
67	 107
67	 111
67	 114
67	 115
67	 116
67	 117
67	 119
67	 125
67	 132
67	 136
67	 137
67	 138
67	 145
67	 146
67	 147
67	 154
67	 158
67	 159
67	 162
67	 164
67	 167
67	 171
67	 174
67	 180
67	 187
67	 192
67	 193
67	 194
67	 196
67	 197
67	 200
68	 71
68	 72
68	 77
68	 81
68	 84
68	 88
68	 89
68	 93
68	 94
68	 98
68	 99
68	 105
68	 110
68	 113
68	 118
68	 121
68	 122
68	 123
68	 127
68	 130
68	 131
68	 134
68	 135
68	 142
68	 146
68	 151
68	 156
68	 160
68	 163
68	 170
68	 171
68	 172
68	 176
68	 178
68	 188
68	 192
68	 194
68	 199
69	 70
69	 79
69	 83
69	 91
69	 96
69	 101
69	 103
69	 104
69	 114
69	 117
69	 119
69	 120
69	 124
69	 125
69	 129
69	 130
69	 132
69	 134
69	 137
69	 139
69	 141
69	 145
69	 154
69	 159
69	 166
69	 167
69	 169
69	 175
69	 177
69	 186
69	 187
70	 77
70	 83
70	 84
70	 89
70	 93
70	 97
70	 98
70	 99
70	 105
70	 110
70	 121
70	 122
70	 123
70	 127
70	 128
70	 130
70	 134
70	 135
70	 139
70	 140
70	 146
70	 152
70	 156
70	 160
70	 163
70	 168
70	 171
70	 176
70	 177
70	 188
70	 199
71	 72
71	 74
71	 81
71	 84
71	 87
71	 88
71	 105
71	 106
71	 110
71	 113
71	 118
71	 122
71	 123
71	 126
71	 127
71	 128
71	 130
71	 133
71	 135
71	 140
71	 142
71	 146
71	 148
71	 151
71	 152
71	 155
71	 156
71	 160
71	 163
71	 171
71	 172
71	 173
71	 176
71	 178
71	 188
71	 191
71	 192
71	 194
71	 198
71	 199
72	 75
72	 76
72	 78
72	 80
72	 82
72	 83
72	 85
72	 86
72	 92
72	 95
72	 100
72	 102
72	 103
72	 104
72	 107
72	 112
72	 113
72	 114
72	 115
72	 116
72	 117
72	 119
72	 120
72	 144
72	 145
72	 147
72	 149
72	 154
72	 162
72	 165
72	 166
72	 170
72	 174
72	 177
72	 179
72	 182
72	 183
72	 184
72	 186
72	 189
72	 193
72	 197
73	 75
73	 78
73	 79
73	 80
73	 82
73	 91
73	 95
73	 111
73	 112
73	 114
73	 115
73	 116
73	 117
73	 120
73	 125
73	 129
73	 136
73	 138
73	 140
73	 141
73	 143
73	 144
73	 147
73	 149
73	 150
73	 154
73	 157
73	 158
73	 164
73	 166
73	 167
73	 169
73	 174
73	 175
73	 177
73	 184
73	 187
73	 189
73	 192
73	 194
73	 195
73	 197
74	 79
74	 80
74	 82
74	 83
74	 90
74	 95
74	 96
74	 102
74	 111
74	 113
74	 116
74	 117
74	 120
74	 124
74	 129
74	 136
74	 141
74	 144
74	 148
74	 149
74	 150
74	 154
74	 157
74	 158
74	 159
74	 162
74	 166
74	 175
74	 176
74	 177
74	 178
74	 180
74	 182
74	 187
74	 189
74	 192
74	 193
74	 195
74	 198
75	 81
75	 84
75	 85
75	 86
75	 87
75	 88
75	 93
75	 94
75	 97
75	 98
75	 99
75	 105
75	 106
75	 108
75	 109
75	 110
75	 112
75	 126
75	 130
75	 131
75	 134
75	 135
75	 136
75	 140
75	 142
75	 144
75	 155
75	 156
75	 161
75	 163
75	 165
75	 169
75	 170
75	 176
75	 178
75	 181
75	 188
75	 195
75	 198
76	 77
76	 79
76	 81
76	 84
76	 85
76	 86
76	 87
76	 89
76	 93
76	 99
76	 106
76	 108
76	 109
76	 110
76	 122
76	 123
76	 126
76	 134
76	 135
76	 140
76	 142
76	 146
76	 148
76	 152
76	 154
76	 155
76	 161
76	 163
76	 176
76	 178
76	 181
76	 185
76	 188
76	 190
76	 191
76	 196
76	 198
77	 90
77	 92
77	 97
77	 102
77	 104
77	 107
77	 111
77	 112
77	 113
77	 114
77	 115
77	 116
77	 117
77	 120
77	 124
77	 125
77	 129
77	 136
77	 137
77	 138
77	 143
77	 145
77	 147
77	 150
77	 153
77	 154
77	 157
77	 158
77	 159
77	 163
77	 166
77	 167
77	 169
77	 174
77	 175
77	 177
77	 186
77	 187
77	 189
77	 192
77	 193
77	 194
77	 195
77	 196
77	 199
78	 81
78	 86
78	 87
78	 89
78	 94
78	 95
78	 98
78	 106
78	 108
78	 122
78	 126
78	 131
78	 139
78	 140
78	 146
78	 148
78	 151
78	 155
78	 156
78	 158
78	 160
78	 161
78	 162
78	 165
78	 168
78	 170
78	 171
78	 172
78	 173
78	 178
78	 185
78	 186
78	 189
78	 190
79	 84
79	 87
79	 89
79	 97
79	 98
79	 99
79	 105
79	 108
79	 109
79	 122
79	 123
79	 127
79	 131
79	 133
79	 134
79	 135
79	 139
79	 146
79	 148
79	 152
79	 154
79	 160
79	 161
79	 163
79	 170
79	 171
79	 173
79	 176
79	 178
79	 185
79	 188
79	 196
80	 81
80	 85
80	 87
80	 88
80	 105
80	 110
80	 118
80	 125
80	 130
80	 133
80	 137
80	 139
80	 140
80	 148
80	 150
80	 151
80	 152
80	 156
80	 160
80	 163
80	 171
80	 172
80	 176
80	 178
80	 181
80	 185
80	 190
80	 191
80	 199
81	 82
81	 90
81	 91
81	 100
81	 102
81	 103
81	 104
81	 113
81	 116
81	 119
81	 120
81	 121
81	 124
81	 125
81	 137
81	 143
81	 145
81	 147
81	 149
81	 153
81	 159
81	 162
81	 164
81	 167
81	 168
81	 169
81	 173
81	 177
81	 180
81	 186
81	 189
81	 190
81	 192
81	 194
81	 195
81	 197
81	 200
82	 86
82	 87
82	 91
82	 94
82	 97
82	 98
82	 99
82	 111
82	 116
82	 118
82	 121
82	 126
82	 128
82	 134
82	 135
82	 139
82	 142
82	 146
82	 148
82	 151
82	 153
82	 155
82	 156
82	 160
82	 161
82	 163
82	 170
82	 171
82	 172
82	 174
82	 176
82	 178
82	 181
82	 185
82	 188
82	 190
82	 199
83	 86
83	 87
83	 88
83	 89
83	 93
83	 94
83	 99
83	 105
83	 109
83	 110
83	 118
83	 122
83	 126
83	 127
83	 128
83	 130
83	 131
83	 135
83	 139
83	 142
83	 146
83	 148
83	 151
83	 160
83	 161
83	 165
83	 168
83	 171
83	 172
83	 176
83	 177
83	 178
83	 181
83	 191
83	 198
83	 199
84	 90
84	 91
84	 92
84	 95
84	 96
84	 100
84	 102
84	 103
84	 107
84	 112
84	 115
84	 117
84	 119
84	 120
84	 122
84	 125
84	 132
84	 133
84	 137
84	 138
84	 141
84	 150
84	 154
84	 155
84	 159
84	 161
84	 162
84	 166
84	 174
84	 175
84	 179
84	 180
84	 182
84	 184
84	 187
84	 188
84	 194
84	 195
85	 86
85	 90
85	 91
85	 92
85	 101
85	 102
85	 103
85	 111
85	 113
85	 114
85	 115
85	 116
85	 117
85	 119
85	 129
85	 132
85	 137
85	 138
85	 141
85	 145
85	 147
85	 149
85	 150
85	 154
85	 159
85	 162
85	 165
85	 167
85	 170
85	 174
85	 175
85	 177
85	 183
85	 184
85	 186
85	 187
85	 189
85	 193
85	 194
85	 195
85	 196
85	 197
86	 90
86	 96
86	 100
86	 101
86	 102
86	 103
86	 107
86	 113
86	 115
86	 119
86	 129
86	 132
86	 137
86	 138
86	 143
86	 147
86	 150
86	 154
86	 157
86	 159
86	 162
86	 165
86	 166
86	 169
86	 170
86	 186
86	 187
86	 200
87	 90
87	 92
87	 100
87	 101
87	 102
87	 103
87	 104
87	 107
87	 112
87	 114
87	 115
87	 117
87	 119
87	 125
87	 129
87	 131
87	 136
87	 138
87	 141
87	 145
87	 147
87	 157
87	 162
87	 164
87	 166
87	 167
87	 175
87	 177
87	 179
87	 180
87	 182
87	 183
87	 187
87	 192
87	 194
87	 196
87	 197
88	 90
88	 92
88	 101
88	 104
88	 107
88	 110
88	 111
88	 113
88	 115
88	 116
88	 117
88	 119
88	 129
88	 136
88	 137
88	 138
88	 144
88	 147
88	 149
88	 152
88	 153
88	 154
88	 156
88	 157
88	 158
88	 159
88	 164
88	 166
88	 167
88	 175
88	 177
88	 182
88	 183
88	 185
88	 192
88	 194
88	 195
88	 197
89	 92
89	 96
89	 101
89	 103
89	 104
89	 106
89	 107
89	 111
89	 112
89	 113
89	 114
89	 115
89	 119
89	 123
89	 124
89	 128
89	 129
89	 136
89	 137
89	 144
89	 145
89	 153
89	 154
89	 158
89	 159
89	 162
89	 164
89	 174
89	 175
89	 182
89	 186
89	 187
89	 189
89	 195
89	 196
89	 197
90	 94
90	 99
90	 103
90	 105
90	 106
90	 110
90	 117
90	 118
90	 122
90	 123
90	 126
90	 128
90	 131
90	 134
90	 139
90	 142
90	 151
90	 152
90	 160
90	 161
90	 163
90	 170
90	 171
90	 172
90	 176
90	 181
90	 184
90	 185
90	 188
90	 190
90	 193
91	 94
91	 98
91	 108
91	 110
91	 111
91	 116
91	 118
91	 122
91	 123
91	 131
91	 133
91	 139
91	 140
91	 142
91	 148
91	 151
91	 152
91	 153
91	 156
91	 160
91	 163
91	 168
91	 170
91	 173
91	 174
91	 178
91	 185
91	 190
91	 191
91	 198
91	 199
92	 93
92	 96
92	 97
92	 105
92	 106
92	 107
92	 108
92	 109
92	 123
92	 131
92	 133
92	 134
92	 135
92	 140
92	 155
92	 156
92	 161
92	 168
92	 170
92	 171
92	 172
92	 175
92	 185
92	 190
92	 191
92	 197
93	 96
93	 99
93	 100
93	 101
93	 104
93	 107
93	 112
93	 113
93	 114
93	 115
93	 117
93	 120
93	 124
93	 125
93	 129
93	 136
93	 138
93	 141
93	 143
93	 145
93	 146
93	 147
93	 149
93	 150
93	 153
93	 154
93	 157
93	 158
93	 159
93	 162
93	 169
93	 171
93	 179
93	 183
93	 184
93	 186
93	 192
93	 194
93	 195
93	 196
93	 200
94	 95
94	 102
94	 107
94	 111
94	 112
94	 113
94	 114
94	 115
94	 116
94	 117
94	 118
94	 119
94	 120
94	 129
94	 132
94	 136
94	 138
94	 142
94	 143
94	 149
94	 150
94	 153
94	 157
94	 162
94	 166
94	 167
94	 175
94	 177
94	 180
94	 182
94	 186
94	 189
94	 192
94	 193
94	 195
95	 98
95	 99
95	 105
95	 106
95	 108
95	 109
95	 110
95	 118
95	 122
95	 123
95	 127
95	 128
95	 131
95	 134
95	 139
95	 140
95	 151
95	 152
95	 155
95	 158
95	 161
95	 162
95	 163
95	 165
95	 168
95	 171
95	 172
95	 176
95	 181
95	 185
95	 186
95	 188
95	 189
95	 190
95	 198
96	 97
96	 98
96	 106
96	 107
96	 108
96	 109
96	 110
96	 122
96	 123
96	 127
96	 140
96	 142
96	 146
96	 148
96	 151
96	 152
96	 168
96	 170
96	 171
96	 172
96	 175
96	 178
96	 188
96	 190
96	 197
96	 198
96	 199
97	 104
97	 107
97	 111
97	 112
97	 113
97	 114
97	 117
97	 120
97	 124
97	 125
97	 129
97	 132
97	 136
97	 145
97	 147
97	 157
97	 158
97	 162
97	 163
97	 164
97	 167
97	 169
97	 177
97	 179
97	 180
97	 182
97	 183
97	 184
97	 187
97	 189
97	 193
97	 194
97	 195
97	 196
97	 199
98	 100
98	 102
98	 103
98	 104
98	 105
98	 107
98	 108
98	 109
98	 112
98	 113
98	 115
98	 116
98	 117
98	 119
98	 120
98	 125
98	 129
98	 135
98	 144
98	 145
98	 147
98	 153
98	 154
98	 159
98	 162
98	 164
98	 169
98	 174
98	 180
98	 187
98	 191
98	 192
98	 193
98	 194
98	 195
98	 197
98	 200
99	 101
99	 102
99	 104
99	 107
99	 113
99	 114
99	 116
99	 117
99	 125
99	 138
99	 143
99	 145
99	 146
99	 150
99	 157
99	 159
99	 164
99	 167
99	 169
99	 171
99	 177
99	 182
99	 183
99	 187
99	 189
99	 192
99	 194
99	 196
100	 106
100	 108
100	 110
100	 114
100	 121
100	 122
100	 123
100	 130
100	 131
100	 134
100	 140
100	 152
100	 160
100	 163
100	 165
100	 166
100	 170
100	 173
100	 176
100	 178
100	 185
100	 188
100	 191
100	 198
100	 199
101	 104
101	 105
101	 106
101	 108
101	 109
101	 110
101	 115
101	 118
101	 121
101	 122
101	 126
101	 127
101	 130
101	 133
101	 134
101	 139
101	 140
101	 143
101	 146
101	 151
101	 155
101	 156
101	 170
101	 178
101	 181
101	 185
101	 190
101	 199
101	 200
102	 105
102	 108
102	 109
102	 118
102	 120
102	 121
102	 122
102	 127
102	 130
102	 133
102	 139
102	 142
102	 146
102	 148
102	 152
102	 155
102	 156
102	 157
102	 159
102	 163
102	 168
102	 170
102	 171
102	 172
102	 173
102	 176
102	 187
102	 188
103	 105
103	 106
103	 108
103	 117
103	 130
103	 133
103	 134
103	 139
103	 140
103	 146
103	 151
103	 152
103	 155
103	 160
103	 161
103	 163
103	 165
103	 170
103	 172
103	 176
103	 178
103	 184
103	 188
103	 191
103	 193
103	 198
104	 108
104	 110
104	 115
104	 121
104	 123
104	 126
104	 127
104	 128
104	 130
104	 133
104	 142
104	 143
104	 148
104	 151
104	 155
104	 156
104	 160
104	 165
104	 171
104	 172
104	 176
104	 178
104	 190
104	 199
104	 200
105	 107
105	 108
105	 109
105	 111
105	 112
105	 114
105	 116
105	 117
105	 119
105	 125
105	 129
105	 135
105	 144
105	 149
105	 150
105	 153
105	 158
105	 162
105	 167
105	 177
105	 182
105	 183
105	 184
105	 191
105	 192
105	 193
106	 111
106	 114
106	 115
106	 119
106	 123
106	 124
106	 125
106	 128
106	 136
106	 137
106	 141
106	 143
106	 145
106	 150
106	 153
106	 158
106	 162
106	 166
106	 167
106	 169
106	 174
106	 175
106	 179
106	 180
106	 182
106	 183
106	 186
106	 187
106	 189
106	 193
106	 194
106	 195
106	 196
106	 197
106	 200
107	 108
107	 109
107	 110
107	 121
107	 123
107	 126
107	 128
107	 130
107	 131
107	 133
107	 134
107	 135
107	 152
107	 155
107	 160
107	 161
107	 170
107	 171
107	 172
107	 173
107	 175
107	 176
107	 181
107	 188
107	 190
107	 191
107	 197
107	 198
107	 199
108	 109
108	 111
108	 115
108	 119
108	 120
108	 124
108	 135
108	 137
108	 138
108	 141
108	 143
108	 149
108	 150
108	 153
108	 154
108	 157
108	 162
108	 166
108	 167
108	 169
108	 175
108	 177
108	 180
108	 182
108	 183
108	 184
108	 186
108	 187
108	 191
108	 192
108	 195
108	 197
109	 112
109	 113
109	 114
109	 117
109	 120
109	 124
109	 125
109	 129
109	 132
109	 135
109	 136
109	 138
109	 147
109	 154
109	 157
109	 158
109	 159
109	 167
109	 174
109	 177
109	 180
109	 182
109	 184
109	 186
109	 191
110	 111
110	 112
110	 113
110	 115
110	 116
110	 119
110	 124
110	 129
110	 136
110	 137
110	 138
110	 143
110	 144
110	 145
110	 147
110	 150
110	 152
110	 153
110	 154
110	 156
110	 157
110	 166
110	 167
110	 174
110	 175
110	 179
110	 180
110	 183
110	 184
110	 185
110	 186
110	 187
110	 189
110	 192
110	 193
110	 196
110	 197
111	 116
111	 121
111	 122
111	 126
111	 127
111	 130
111	 133
111	 134
111	 135
111	 139
111	 146
111	 151
111	 153
111	 165
111	 170
111	 173
111	 174
111	 178
111	 181
111	 185
111	 191
111	 198
111	 199
112	 118
112	 122
112	 123
112	 127
112	 133
112	 136
112	 142
112	 144
112	 148
112	 151
112	 152
112	 155
112	 161
112	 163
112	 165
112	 169
112	 170
112	 171
112	 172
112	 173
112	 176
112	 190
112	 195
112	 198
113	 121
113	 122
113	 123
113	 126
113	 127
113	 130
113	 131
113	 133
113	 142
113	 152
113	 160
113	 163
113	 165
113	 168
113	 170
113	 172
113	 176
113	 178
113	 188
113	 192
113	 194
113	 199
114	 118
114	 121
114	 122
114	 134
114	 135
114	 139
114	 142
114	 146
114	 148
114	 152
114	 155
114	 156
114	 160
114	 161
114	 163
114	 166
114	 168
114	 170
114	 171
114	 172
114	 173
114	 181
114	 185
114	 188
115	 118
115	 122
115	 126
115	 127
115	 128
115	 131
115	 135
115	 139
115	 142
115	 143
115	 146
115	 151
115	 152
115	 155
115	 160
115	 163
115	 165
115	 170
115	 171
115	 172
115	 181
115	 185
115	 188
115	 200
116	 118
116	 123
116	 128
116	 131
116	 134
116	 135
116	 139
116	 146
116	 152
116	 153
116	 155
116	 156
116	 161
116	 163
116	 165
116	 168
116	 170
116	 172
116	 173
116	 174
116	 176
116	 178
116	 185
116	 188
116	 191
116	 198
117	 118
117	 121
117	 122
117	 123
117	 127
117	 131
117	 133
117	 134
117	 135
117	 146
117	 152
117	 155
117	 156
117	 163
117	 165
117	 170
117	 172
117	 173
117	 181
117	 184
117	 185
117	 188
117	 191
117	 193
117	 199
118	 124
118	 125
118	 129
118	 132
118	 137
118	 141
118	 142
118	 145
118	 149
118	 154
118	 157
118	 159
118	 169
118	 174
118	 175
118	 177
118	 184
118	 189
118	 193
118	 194
118	 197
119	 121
119	 122
119	 123
119	 128
119	 130
119	 131
119	 132
119	 135
119	 145
119	 146
119	 148
119	 151
119	 152
119	 156
119	 163
119	 165
119	 170
119	 171
119	 172
119	 176
119	 180
119	 188
119	 198
119	 199
120	 121
120	 128
120	 130
120	 131
120	 133
120	 135
120	 142
120	 146
120	 148
120	 155
120	 157
120	 159
120	 160
120	 165
120	 170
120	 171
120	 172
120	 178
120	 187
120	 191
120	 198
121	 125
121	 137
121	 138
121	 141
121	 143
121	 144
121	 145
121	 147
121	 149
121	 150
121	 153
121	 159
121	 164
121	 166
121	 167
121	 168
121	 173
121	 175
121	 177
121	 182
121	 186
121	 189
121	 190
121	 192
121	 194
121	 197
122	 125
122	 129
122	 132
122	 133
122	 136
122	 143
122	 144
122	 145
122	 147
122	 149
122	 153
122	 155
122	 157
122	 161
122	 162
122	 164
122	 167
122	 169
122	 174
122	 175
122	 180
122	 182
122	 183
122	 184
122	 186
122	 188
122	 189
122	 195
122	 196
122	 197
122	 200
123	 124
123	 125
123	 128
123	 132
123	 143
123	 144
123	 153
123	 158
123	 159
123	 162
123	 164
123	 174
123	 177
123	 184
123	 186
123	 192
123	 194
123	 197
123	 200
124	 126
124	 127
124	 128
124	 131
124	 133
124	 135
124	 138
124	 140
124	 142
124	 146
124	 151
124	 152
124	 161
124	 164
124	 165
124	 167
124	 168
124	 170
124	 172
124	 176
124	 178
124	 179
124	 181
124	 183
124	 198
124	 199
125	 127
125	 128
125	 130
125	 131
125	 133
125	 135
125	 137
125	 139
125	 140
125	 146
125	 150
125	 151
125	 152
125	 155
125	 156
125	 163
125	 165
125	 170
125	 171
125	 190
125	 191
125	 199
126	 127
126	 129
126	 136
126	 138
126	 141
126	 143
126	 147
126	 150
126	 151
126	 154
126	 158
126	 162
126	 172
126	 174
126	 177
126	 180
126	 182
126	 183
126	 186
126	 189
126	 192
126	 193
126	 195
126	 196
126	 197
126	 200
127	 132
127	 138
127	 141
127	 145
127	 147
127	 149
127	 150
127	 151
127	 153
127	 158
127	 159
127	 162
127	 166
127	 172
127	 177
127	 180
127	 183
127	 186
127	 189
127	 192
127	 195
127	 196
127	 197
127	 200
128	 129
128	 136
128	 138
128	 141
128	 143
128	 147
128	 153
128	 157
128	 158
128	 159
128	 164
128	 166
128	 167
128	 169
128	 174
128	 175
128	 177
128	 182
128	 183
128	 184
128	 186
128	 187
128	 192
128	 193
128	 194
128	 196
128	 200
129	 133
129	 140
129	 141
129	 147
129	 149
129	 152
129	 156
129	 160
129	 161
129	 163
129	 165
129	 171
129	 172
129	 173
129	 176
129	 181
129	 182
129	 190
129	 191
129	 198
129	 199
130	 134
130	 136
130	 137
130	 138
130	 139
130	 141
130	 143
130	 144
130	 145
130	 149
130	 150
130	 153
130	 162
130	 164
130	 166
130	 174
130	 177
130	 179
130	 180
130	 182
130	 183
130	 184
130	 187
130	 193
130	 196
130	 197
131	 132
131	 137
131	 143
131	 144
131	 147
131	 153
131	 154
131	 159
131	 162
131	 169
131	 177
131	 182
131	 184
131	 186
131	 189
131	 192
131	 194
131	 195
131	 197
132	 139
132	 140
132	 145
132	 146
132	 148
132	 151
132	 152
132	 156
132	 160
132	 161
132	 163
132	 165
132	 168
132	 170
132	 171
132	 172
132	 176
132	 180
132	 181
132	 188
132	 190
132	 191
133	 136
133	 141
133	 143
133	 145
133	 147
133	 150
133	 154
133	 155
133	 157
133	 158
133	 161
133	 164
133	 166
133	 174
133	 179
133	 182
133	 183
133	 188
133	 189
133	 193
133	 195
133	 196
134	 136
134	 137
134	 138
134	 139
134	 141
134	 143
134	 145
134	 150
134	 157
134	 167
134	 175
134	 177
134	 179
134	 184
134	 186
134	 187
134	 189
134	 192
134	 196
134	 197
134	 200
135	 137
135	 138
135	 141
135	 144
135	 145
135	 154
135	 157
135	 158
135	 159
135	 162
135	 164
135	 166
135	 169
135	 175
135	 177
135	 179
135	 182
135	 184
135	 186
135	 187
135	 189
135	 191
135	 192
135	 193
135	 197
136	 144
136	 148
136	 155
136	 165
136	 168
136	 169
136	 170
136	 173
136	 178
136	 185
136	 188
136	 195
136	 198
137	 139
137	 140
137	 142
137	 148
137	 150
137	 152
137	 155
137	 156
137	 160
137	 163
137	 168
137	 172
137	 181
138	 139
138	 148
138	 151
138	 155
138	 156
138	 164
138	 167
138	 173
138	 179
138	 181
138	 183
138	 185
138	 188
138	 191
138	 198
138	 199
139	 141
139	 143
139	 144
139	 145
139	 150
139	 153
139	 159
139	 167
139	 169
139	 175
139	 184
139	 186
139	 187
139	 189
139	 192
139	 193
140	 141
140	 144
140	 145
140	 147
140	 150
140	 153
140	 154
140	 157
140	 167
140	 169
140	 175
140	 177
140	 180
140	 182
140	 183
140	 184
140	 186
140	 189
140	 193
140	 194
140	 195
140	 196
141	 147
141	 148
141	 149
141	 151
141	 155
141	 156
141	 173
141	 181
141	 182
141	 188
141	 191
141	 198
141	 199
142	 143
142	 144
142	 145
142	 153
142	 158
142	 159
142	 162
142	 164
142	 169
142	 174
142	 179
142	 180
142	 182
142	 183
142	 184
142	 186
142	 187
142	 189
142	 193
142	 194
142	 195
142	 197
142	 200
143	 146
143	 148
143	 151
143	 152
143	 160
143	 161
143	 170
143	 171
143	 172
143	 173
143	 176
143	 178
143	 185
143	 190
143	 198
143	 200
144	 148
144	 151
144	 155
144	 156
144	 160
144	 161
144	 165
144	 168
144	 169
144	 170
144	 171
144	 172
144	 173
144	 176
144	 181
144	 188
144	 195
145	 148
145	 152
145	 155
145	 160
145	 168
145	 170
145	 171
145	 172
145	 176
145	 178
145	 180
145	 185
145	 190
145	 191
146	 147
146	 149
146	 150
146	 154
146	 158
146	 159
146	 166
146	 169
146	 171
146	 175
146	 182
146	 186
146	 187
146	 189
146	 192
146	 193
146	 196
146	 200
147	 148
147	 149
147	 151
147	 152
147	 160
147	 161
147	 163
147	 165
147	 168
147	 173
147	 176
147	 181
147	 182
147	 185
147	 198
147	 199
148	 149
148	 153
148	 157
148	 158
148	 162
148	 166
148	 167
148	 169
148	 174
148	 176
148	 177
148	 178
148	 179
148	 186
148	 189
148	 192
148	 194
148	 196
148	 198
149	 152
149	 155
149	 160
149	 161
149	 163
149	 165
149	 168
149	 170
149	 172
149	 173
149	 176
149	 178
149	 182
149	 185
149	 188
149	 191
149	 198
150	 151
150	 156
150	 165
150	 168
150	 170
150	 173
150	 178
150	 181
150	 185
150	 188
150	 198
150	 199
151	 153
151	 154
151	 157
151	 164
151	 166
151	 167
151	 172
151	 174
151	 177
151	 179
151	 182
151	 184
151	 186
151	 189
151	 192
151	 195
151	 196
151	 200
152	 153
152	 156
152	 158
152	 162
152	 164
152	 166
152	 169
152	 174
152	 177
152	 182
152	 184
152	 185
152	 186
152	 187
152	 193
152	 194
152	 195
152	 200
153	 155
153	 156
153	 161
153	 163
153	 165
153	 168
153	 170
153	 171
153	 172
153	 174
153	 176
153	 181
153	 185
153	 190
154	 155
154	 163
154	 168
154	 170
154	 171
154	 172
154	 185
154	 190
154	 196
155	 161
155	 164
155	 166
155	 169
155	 175
155	 177
155	 183
155	 184
155	 186
155	 188
155	 193
155	 195
155	 196
155	 197
155	 200
156	 158
156	 159
156	 164
156	 166
156	 169
156	 175
156	 182
156	 185
156	 187
156	 195
157	 159
157	 168
157	 170
157	 173
157	 178
157	 187
157	 190
157	 191
157	 198
158	 162
158	 165
158	 168
158	 171
158	 176
158	 178
158	 186
158	 188
158	 189
158	 190
158	 191
158	 198
158	 199
159	 170
159	 172
159	 173
159	 181
159	 187
159	 190
159	 191
160	 164
160	 166
160	 167
160	 174
160	 177
160	 179
160	 181
160	 182
160	 183
160	 184
160	 186
160	 192
160	 193
160	 200
161	 162
161	 164
161	 167
161	 174
161	 177
161	 180
161	 182
161	 183
161	 184
161	 188
161	 189
161	 193
161	 194
161	 195
161	 197
161	 200
162	 163
162	 171
162	 172
162	 173
162	 176
162	 181
162	 186
162	 188
162	 189
162	 191
162	 198
163	 166
163	 167
163	 174
163	 177
163	 179
163	 182
163	 183
163	 184
163	 186
163	 187
163	 189
163	 193
163	 195
163	 199
163	 200
164	 167
164	 168
164	 171
164	 173
164	 176
164	 179
164	 181
164	 183
164	 185
164	 188
165	 166
165	 167
165	 170
165	 179
165	 180
165	 182
165	 183
165	 184
165	 187
165	 193
165	 195
165	 196
165	 197
165	 200
166	 168
166	 170
166	 171
166	 172
166	 173
166	 176
166	 178
166	 181
166	 188
166	 190
166	 191
166	 199
167	 168
167	 172
167	 176
167	 179
167	 183
167	 185
167	 188
167	 191
167	 198
168	 169
168	 173
168	 175
168	 180
168	 183
168	 186
168	 187
168	 189
168	 190
168	 192
168	 197
169	 170
169	 172
169	 178
169	 185
169	 190
169	 195
170	 174
170	 175
170	 186
170	 187
170	 189
170	 195
170	 200
171	 174
171	 177
171	 183
171	 186
171	 187
171	 192
171	 193
171	 200
172	 174
172	 179
172	 182
172	 183
172	 184
172	 187
172	 189
172	 193
172	 194
172	 195
172	 200
173	 174
173	 175
173	 177
173	 183
173	 184
173	 186
173	 187
173	 190
173	 194
173	 195
173	 196
173	 200
174	 176
174	 181
174	 185
174	 190
174	 191
174	 198
175	 178
175	 185
175	 188
175	 191
175	 197
175	 198
176	 178
176	 179
176	 180
176	 183
176	 186
176	 187
176	 189
176	 192
176	 193
176	 194
176	 195
176	 197
176	 198
176	 200
177	 188
177	 190
177	 191
178	 179
178	 182
178	 186
178	 189
178	 192
178	 195
178	 196
178	 197
178	 198
178	 200
179	 183
179	 185
179	 188
179	 198
180	 185
180	 191
180	 198
180	 199
181	 182
181	 183
181	 184
181	 186
181	 187
181	 189
181	 192
181	 194
181	 195
181	 196
181	 200
182	 198
182	 199
183	 185
183	 198
183	 199
184	 185
184	 188
184	 190
184	 191
184	 193
184	 199
185	 186
185	 189
185	 195
185	 196
186	 189
186	 191
186	 198
186	 199
187	 188
187	 191
187	 198
188	 193
188	 194
188	 196
188	 200
189	 190
189	 191
189	 199
190	 192
190	 195
190	 196
190	 200
192	 194
192	 199
193	 198
194	 199
195	 198
196	 199
198	 200
199	 200
;