n := 378;
B := 20983;
param : n c w:=
1	 152	 230
2	 122	 254
3	 275	 111
4	 349	 28
5	 209	 189
6	 174	 216
7	 181	 214
8	 167	 220
9	 188	 204
10	 363	 15
11	 215	 184
12	 226	 163
13	 149	 235
14	 5	 374
15	 151	 233
16	 168	 219
17	 245	 153
18	 7	 372
19	 172	 217
20	 11	 368
21	 39	 343
22	 341	 32
23	 111	 272
24	 271	 121
25	 100	 283
26	 111	 271
27	 116	 264
28	 73	 309
29	 109	 274
30	 251	 143
31	 63	 317
32	 66	 313
33	 52	 330
34	 231	 163
35	 102	 281
36	 247	 150
37	 278	 107
38	 148	 235
39	 330	 46
40	 8	 369
41	 355	 23
42	 303	 80
43	 362	 16
44	 195	 197
45	 360	 19
46	 116	 267
47	 328	 48
48	 319	 62
49	 360	 17
50	 350	 25
51	 170	 217
52	 321	 60
53	 187	 207
54	 345	 29
55	 281	 103
56	 351	 25
57	 224	 167
58	 131	 246
59	 354	 24
60	 59	 321
61	 318	 63
62	 115	 268
63	 344	 30
64	 99	 286
65	 199	 193
66	 122	 258
67	 137	 240
68	 143	 237
69	 224	 166
70	 264	 129
71	 80	 303
72	 282	 102
73	 118	 260
74	 177	 215
75	 183	 208
76	 231	 163
77	 242	 158
78	 265	 126
79	 366	 15
80	 343	 31
81	 14	 362
82	 221	 175
83	 274	 114
84	 219	 179
85	 310	 71
86	 255	 140
87	 139	 240
88	 181	 214
89	 51	 334
90	 259	 136
91	 15	 362
92	 55	 328
93	 246	 150
94	 228	 163
95	 58	 325
96	 90	 293
97	 240	 159
98	 163	 223
99	 190	 202
100	 205	 192
101	 52	 330
102	 368	 13
103	 75	 306
104	 126	 251
105	 50	 335
106	 304	 79
107	 285	 91
108	 325	 52
109	 249	 145
110	 318	 62
111	 339	 37
112	 1	 377
113	 336	 43
114	 142	 239
115	 239	 161
116	 148	 235
117	 223	 170
118	 161	 223
119	 213	 188
120	 282	 102
121	 166	 221
122	 61	 318
123	 113	 270
124	 340	 34
125	 49	 336
126	 369	 9
127	 74	 306
128	 307	 75
129	 58	 323
130	 130	 249
131	 349	 27
132	 260	 134
133	 180	 215
134	 64	 315
135	 377	 8
136	 183	 208
137	 237	 161
138	 7	 370
139	 323	 55
140	 6	 372
141	 196	 195
142	 226	 164
143	 121	 259
144	 160	 226
145	 106	 280
146	 249	 144
147	 338	 41
148	 335	 45
149	 377	 3
150	 221	 177
151	 347	 29
152	 57	 328
153	 277	 107
154	 321	 59
155	 369	 11
156	 157	 227
157	 270	 123
158	 270	 124
159	 183	 211
160	 37	 344
161	 310	 70
162	 122	 253
163	 351	 24
164	 288	 89
165	 215	 183
166	 24	 348
167	 4	 376
168	 168	 218
169	 19	 359
170	 153	 229
171	 263	 133
172	 294	 84
173	 219	 178
174	 206	 191
175	 59	 320
176	 91	 293
177	 276	 108
178	 286	 90
179	 192	 202
180	 116	 263
181	 196	 196
182	 186	 208
183	 121	 259
184	 223	 168
185	 268	 126
186	 157	 226
187	 211	 188
188	 358	 20
189	 181	 214
190	 328	 51
191	 207	 190
192	 67	 311
193	 260	 135
194	 273	 115
195	 368	 13
196	 288	 87
197	 124	 253
198	 268	 125
199	 307	 73
200	 292	 86
201	 284	 97
202	 324	 55
203	 308	 72
204	 273	 116
205	 235	 162
206	 44	 337
207	 280	 104
208	 141	 240
209	 126	 253
210	 89	 295
211	 110	 272
212	 113	 270
213	 296	 84
214	 305	 76
215	 218	 179
216	 40	 340
217	 122	 257
218	 338	 40
219	 104	 281
220	 328	 50
221	 268	 125
222	 18	 361
223	 253	 141
224	 283	 100
225	 114	 268
226	 283	 101
227	 299	 82
228	 222	 170
229	 81	 300
230	 271	 122
231	 242	 156
232	 87	 300
233	 3	 377
234	 337	 43
235	 88	 299
236	 65	 315
237	 296	 83
238	 108	 275
239	 275	 113
240	 242	 159
241	 51	 332
242	 372	 8
243	 281	 103
244	 215	 185
245	 90	 293
246	 108	 276
247	 46	 337
248	 361	 17
249	 163	 223
250	 356	 20
251	 371	 9
252	 136	 241
253	 98	 288
254	 137	 240
255	 237	 161
256	 249	 147
257	 101	 282
258	 60	 318
259	 303	 81
260	 73	 310
261	 208	 190
262	 194	 198
263	 244	 153
264	 129	 249
265	 363	 15
266	 173	 216
267	 134	 246
268	 182	 212
269	 213	 187
270	 329	 48
271	 264	 131
272	 309	 72
273	 336	 43
274	 219	 178
275	 165	 221
276	 62	 317
277	 79	 304
278	 52	 329
279	 81	 301
280	 243	 154
281	 332	 45
282	 22	 355
283	 377	 4
284	 347	 29
285	 11	 365
286	 79	 304
287	 96	 290
288	 81	 303
289	 356	 22
290	 338	 40
291	 76	 305
292	 248	 148
293	 218	 180
294	 43	 340
295	 240	 159
296	 256	 140
297	 108	 275
298	 303	 80
299	 377	 6
300	 134	 242
301	 107	 279
302	 156	 228
303	 293	 84
304	 231	 162
305	 322	 56
306	 257	 139
307	 340	 32
308	 127	 250
309	 223	 169
310	 99	 286
311	 39	 340
312	 295	 84
313	 28	 347
314	 168	 220
315	 216	 183
316	 59	 319
317	 164	 222
318	 105	 281
319	 256	 140
320	 284	 97
321	 117	 262
322	 43	 338
323	 247	 148
324	 76	 305
325	 36	 344
326	 236	 162
327	 36	 345
328	 89	 294
329	 209	 189
330	 151	 232
331	 275	 109
332	 222	 174
333	 262	 133
334	 23	 355
335	 313	 70
336	 207	 191
337	 317	 65
338	 299	 82
339	 354	 24
340	 374	 8
341	 251	 144
342	 200	 192
343	 316	 65
344	 251	 141
345	 189	 203
346	 299	 82
347	 24	 352
348	 110	 274
349	 299	 83
350	 66	 313
351	 265	 129
352	 306	 76
353	 284	 97
354	 88	 297
355	 225	 165
356	 96	 289
357	 161	 223
358	 297	 83
359	 61	 318
360	 192	 200
361	 377	 8
362	 281	 103
363	 327	 51
364	 19	 357
365	 134	 245
366	 72	 311
367	 118	 261
368	 216	 183
369	 332	 45
370	 245	 152
371	 84	 300
372	 316	 67
373	 314	 68
374	 58	 326
375	 304	 78
376	 58	 326
377	 120	 259
378	 147	 236
;
Edge List :=
 2	 29
2	 43
2	 46
2	 58
2	 151
2	 154
2	 166
2	 187
2	 190
2	 202
2	 208
2	 244
2	 355
1	 28
1	 37
1	 40
1	 55
1	 136
1	 145
1	 148
1	 163
1	 172
1	 181
1	 184
1	 199
1	 352
3	 30
3	 49
3	 52
3	 61
3	 157
3	 160
3	 169
3	 193
3	 196
3	 205
3	 280
3	 316
3	 358
4	 31
4	 44
4	 50
4	 56
4	 139
4	 175
4	 223
4	 229
4	 235
4	 259
4	 265
4	 271
4	 361
5	 32
5	 38
5	 53
5	 59
5	 211
5	 217
5	 232
5	 238
5	 247
5	 253
5	 268
5	 274
5	 364
6	 33
6	 41
6	 47
6	 62
6	 220
6	 226
6	 241
6	 256
6	 262
6	 277
6	 283
6	 319
6	 367
7	 34
7	 48
7	 54
7	 57
7	 142
7	 178
7	 298
7	 304
7	 307
7	 334
7	 340
7	 343
7	 370
8	 35
8	 42
8	 51
8	 60
8	 214
8	 250
8	 292
8	 301
8	 310
8	 328
8	 337
8	 346
8	 373
9	 36
9	 39
9	 45
9	 63
9	 286
9	 289
9	 295
9	 313
9	 322
9	 325
9	 331
9	 349
9	 376
10	 64
10	 73
10	 76
10	 91
10	 209
10	 218
10	 221
10	 236
10	 281
10	 290
10	 293
10	 308
10	 353
11	 65
11	 79
11	 82
11	 94
11	 137
11	 224
11	 227
11	 239
11	 296
11	 299
11	 311
11	 317
11	 356
12	 66
12	 85
12	 88
12	 97
12	 173
12	 230
12	 233
12	 242
12	 245
12	 302
12	 305
12	 314
12	 359
13	 67
13	 80
13	 86
13	 92
13	 152
13	 158
13	 164
13	 212
13	 284
13	 332
13	 338
13	 344
13	 362
14	 68
14	 74
14	 89
14	 95
14	 140
14	 146
14	 161
14	 167
14	 320
14	 326
14	 341
14	 347
14	 365
15	 69
15	 77
15	 83
15	 98
15	 149
15	 155
15	 170
15	 176
15	 248
15	 329
15	 335
15	 350
15	 368
16	 70
16	 84
16	 90
16	 93
16	 191
16	 197
16	 200
16	 215
16	 263
16	 269
16	 272
16	 287
16	 371
17	 71
17	 78
17	 87
17	 96
17	 143
17	 185
17	 194
17	 203
17	 257
17	 266
17	 275
17	 323
17	 374
18	 72
18	 75
18	 81
18	 99
18	 179
18	 182
18	 188
18	 206
18	 251
18	 254
18	 260
18	 278
18	 377
19	 100
19	 109
19	 112
19	 127
19	 246
19	 255
19	 258
19	 273
19	 318
19	 327
19	 330
19	 345
19	 354
20	 101
20	 115
20	 118
20	 130
20	 174
20	 261
20	 264
20	 276
20	 282
20	 333
20	 336
20	 348
20	 357
21	 102
21	 121
21	 124
21	 133
21	 138
21	 210
21	 267
21	 270
21	 279
21	 339
21	 342
21	 351
21	 360
22	 103
22	 116
22	 122
22	 128
22	 189
22	 195
22	 201
22	 249
22	 297
22	 303
22	 309
22	 321
22	 363
23	 104
23	 110
23	 125
23	 131
23	 177
23	 183
23	 198
23	 204
23	 285
23	 291
23	 306
23	 312
23	 366
24	 105
24	 113
24	 119
24	 134
24	 141
24	 186
24	 192
24	 207
24	 213
24	 294
24	 300
24	 315
24	 369
25	 106
25	 120
25	 126
25	 129
25	 156
25	 162
25	 165
25	 228
25	 234
25	 237
25	 252
25	 324
25	 372
26	 107
26	 114
26	 123
26	 132
26	 150
26	 159
26	 168
26	 180
26	 222
26	 231
26	 240
26	 288
26	 375
27	 108
27	 111
27	 117
27	 135
27	 144
27	 147
27	 153
27	 171
27	 216
27	 219
27	 225
27	 243
27	 378
28	 29
28	 30
29	 30
31	 32
31	 33
32	 33
34	 35
34	 36
35	 36
37	 38
37	 39
38	 39
40	 41
40	 42
41	 42
43	 44
43	 45
44	 45
46	 47
46	 48
47	 48
49	 50
49	 51
50	 51
52	 53
52	 54
53	 54
55	 56
55	 57
56	 57
58	 59
58	 60
59	 60
61	 62
61	 63
62	 63
64	 65
64	 66
65	 66
67	 68
67	 69
68	 69
70	 71
70	 72
71	 72
73	 74
73	 75
74	 75
76	 77
76	 78
77	 78
79	 80
79	 81
80	 81
82	 83
82	 84
83	 84
85	 86
85	 87
86	 87
88	 89
88	 90
89	 90
91	 92
91	 93
92	 93
94	 95
94	 96
95	 96
97	 98
97	 99
98	 99
100	 101
100	 102
101	 102
103	 104
103	 105
104	 105
106	 107
106	 108
107	 108
109	 110
109	 111
110	 111
112	 113
112	 114
113	 114
115	 116
115	 117
116	 117
118	 119
118	 120
119	 120
121	 122
121	 123
122	 123
124	 125
124	 126
125	 126
127	 128
127	 129
128	 129
130	 131
130	 132
131	 132
133	 134
133	 135
134	 135
136	 137
136	 138
137	 138
139	 140
139	 141
140	 141
142	 143
142	 144
143	 144
145	 146
145	 147
146	 147
148	 149
148	 150
149	 150
151	 152
151	 153
152	 153
154	 155
154	 156
155	 156
157	 158
157	 159
158	 159
160	 161
160	 162
161	 162
163	 164
163	 165
164	 165
166	 167
166	 168
167	 168
169	 170
169	 171
170	 171
172	 173
172	 174
173	 174
175	 176
175	 177
176	 177
178	 179
178	 180
179	 180
181	 182
181	 183
182	 183
184	 185
184	 186
185	 186
187	 188
187	 189
188	 189
190	 191
190	 192
191	 192
193	 194
193	 195
194	 195
196	 197
196	 198
197	 198
199	 200
199	 201
200	 201
202	 203
202	 204
203	 204
205	 206
205	 207
206	 207
208	 209
208	 210
209	 210
211	 212
211	 213
212	 213
214	 215
214	 216
215	 216
217	 218
217	 219
218	 219
220	 221
220	 222
221	 222
223	 224
223	 225
224	 225
226	 227
226	 228
227	 228
229	 230
229	 231
230	 231
232	 233
232	 234
233	 234
235	 236
235	 237
236	 237
238	 239
238	 240
239	 240
241	 242
241	 243
242	 243
244	 245
244	 246
245	 246
247	 248
247	 249
248	 249
250	 251
250	 252
251	 252
253	 254
253	 255
254	 255
256	 257
256	 258
257	 258
259	 260
259	 261
260	 261
262	 263
262	 264
263	 264
265	 266
265	 267
266	 267
268	 269
268	 270
269	 270
271	 272
271	 273
272	 273
274	 275
274	 276
275	 276
277	 278
277	 279
278	 279
280	 281
280	 282
281	 282
283	 284
283	 285
284	 285
286	 287
286	 288
287	 288
289	 290
289	 291
290	 291
292	 293
292	 294
293	 294
295	 296
295	 297
296	 297
298	 299
298	 300
299	 300
301	 302
301	 303
302	 303
304	 305
304	 306
305	 306
307	 308
307	 309
308	 309
310	 311
310	 312
311	 312
313	 314
313	 315
314	 315
316	 317
316	 318
317	 318
319	 320
319	 321
320	 321
322	 323
322	 324
323	 324
325	 326
325	 327
326	 327
328	 329
328	 330
329	 330
331	 332
331	 333
332	 333
334	 335
334	 336
335	 336
337	 338
337	 339
338	 339
340	 341
340	 342
341	 342
343	 344
343	 345
344	 345
346	 347
346	 348
347	 348
349	 350
349	 351
350	 351
352	 353
352	 354
353	 354
355	 356
355	 357
356	 357
358	 359
358	 360
359	 360
361	 362
361	 363
362	 363
364	 365
364	 366
365	 366
367	 368
367	 369
368	 369
370	 371
370	 372
371	 372
373	 374
373	 375
374	 375
376	 377
376	 378
377	 378
;